Apple leaf 0.6958 225 30 280 152
Apple leaf 0.6652 61 245 153 412
Apple leaf 0.6114 160 10 239 157
Apple leaf 0.5887 271 41 389 170
Apple leaf 0.4487 220 328 278 413
Apple leaf 0.1461 281 244 346 344
Apple leaf 0.1182 293 94 384 170
Apple leaf 0.1155 3 101 83 238
Apple leaf 0.0787 180 226 254 398
Apple leaf 0.0636 374 39 419 136
Apple leaf 0.0583 96 76 179 126
Apple leaf 0.0537 -1 232 24 326
Apple leaf 0.0495 203 212 255 349
Apple leaf 0.0445 276 38 379 111
Apple leaf 0.0421 393 160 416 245
Apple leaf 0.0358 172 284 236 402
Apple leaf 0.0329 1 21 48 221
Apple leaf 0.0313 40 262 101 421
Apple leaf 0.0311 80 177 117 248
Apple leaf 0.0235 374 163 418 239
Apple leaf 0.0216 -1 252 43 337
Apple leaf 0.0127 -1 291 16 397
Apple leaf 0.0127 283 315 335 397
Apple leaf 0.0099 0 306 9 387
Apple leaf 0.0097 -1 251 18 369
Apple leaf 0.0095 0 220 37 309
Apple leaf 0.0090 7 123 136 232
Apple leaf 0.0086 64 158 113 245
Apple leaf 0.0083 405 176 415 247
Apple leaf 0.0081 97 176 140 246
Apple leaf 0.0079 0 40 19 198
Apple leaf 0.0070 127 121 206 185
Apple leaf 0.0070 1 -1 71 74
Apple leaf 0.0066 388 54 416 152
Apple leaf 0.0066 0 290 8 356
Apple leaf 0.0062 405 117 416 175
Apple leaf 0.0060 394 124 415 170
Apple leaf 0.0053 78 104 200 193
Apple leaf 0.0051 0 240 21 295
Apple leaf 0.0050 147 0 221 82
Apple leaf 0.0044 395 101 417 202
Apple leaf 0.0041 135 395 207 415
Apple leaf 0.0040 257 -2 303 55
Apple leaf 0.0038 392 197 416 295
Apple leaf 0.0038 223 229 263 333
Apple leaf 0.0038 100 405 179 415
Apple leaf 0.0036 0 162 17 301
Apple leaf 0.0035 230 213 299 347
Apple leaf 0.0034 375 74 418 162
Apple leaf 0.0032 127 404 215 415
Apple leaf 0.0031 191 215 233 310
Apple leaf 0.0030 97 0 182 10
Apple leaf 0.0029 36 261 78 335
Apple leaf 0.0029 67 127 168 179
Apple leaf 0.0028 408 132 416 209
Apple leaf 0.0027 142 286 185 369
Apple leaf 0.0027 0 229 7 305
Apple leaf 0.0026 73 368 163 414
Apple leaf 0.0026 51 155 116 208
Apple leaf 0.0025 193 306 277 420
Apple leaf 0.0025 0 107 19 259
Apple leaf 0.0024 114 0 180 21
Apple leaf 0.0023 246 244 286 342
Apple leaf 0.0022 302 154 421 214
Apple leaf 0.0021 183 -1 221 55
Apple leaf 0.0021 -2 2 26 79
Apple leaf 0.0020 0 228 49 392
Apple leaf 0.0019 164 64 209 141
Apple leaf 0.0018 0 186 6 268
Apple leaf 0.0017 193 49 241 154
Apple leaf 0.0016 376 209 418 285
Apple leaf 0.0016 -1 283 45 369
Apple leaf 0.0015 33 333 80 413
Apple leaf 0.0015 222 -6 299 127
Apple leaf 0.0015 38 126 182 219
Apple leaf 0.0014 0 261 7 338
Apple leaf 0.0014 112 392 184 415
Apple leaf 0.0013 41 0 189 89
Apple leaf 0.0013 166 103 211 173
Apple leaf 0.0012 391 84 415 130
Apple leaf 0.0012 406 70 415 144
Apple leaf 0.0012 72 189 112 266
Apple leaf 0.0012 -1 330 18 414
Apple leaf 0.0012 -2 274 72 342
Apple leaf 0.0012 187 0 240 77
Apple leaf 0.0011 42 9 78 103
Apple leaf 0.0011 0 0 39 107
Apple leaf 0.0011 116 190 156 272
Apple leaf 0.0011 117 -1 214 46
Apple leaf 0.0011 65 -1 171 40
Apple leaf 0.0011 210 97 244 171
Apple leaf 0.0011 214 206 280 380
Apple leaf 0.0010 393 109 415 154
Apple leaf 0.0010 58 141 151 194
Apple leaf 0.0010 363 133 416 265
Apple leaf 0.0010 -1 1 22 142
Apple leaf 0.0010 0 0 43 57
Apple rust leaf 0.0010 87 0 176 9
Cherry leaf 0.3181 370 276 416 412
Cherry leaf 0.3068 301 202 407 268
Cherry leaf 0.1735 322 285 376 372
Cherry leaf 0.0998 305 -3 418 46
Cherry leaf 0.0600 4 120 81 244
Cherry leaf 0.0490 0 35 49 235
Cherry leaf 0.0290 393 168 416 260
Cherry leaf 0.0270 272 378 383 414
Cherry leaf 0.0240 248 -1 313 51
Cherry leaf 0.0215 276 243 347 328
Cherry leaf 0.0195 254 35 375 136
Cherry leaf 0.0165 375 33 417 118
Cherry leaf 0.0136 392 231 415 273
Cherry leaf 0.0126 391 265 415 396
Cherry leaf 0.0107 258 -2 356 47
Cherry leaf 0.0058 206 0 284 72
Cherry leaf 0.0049 178 -1 253 77
Cherry leaf 0.0048 281 303 342 408
Cherry leaf 0.0040 233 217 297 370
Cherry leaf 0.0036 407 156 415 233
Cherry leaf 0.0035 406 262 416 319
Cherry leaf 0.0032 292 30 417 136
Cherry leaf 0.0030 334 262 418 401
Cherry leaf 0.0028 264 2 409 90
Cherry leaf 0.0026 404 225 415 278
Cherry leaf 0.0025 394 269 416 312
Cherry leaf 0.0025 279 404 352 416
Cherry leaf 0.0025 166 0 315 88
Cherry leaf 0.0024 374 184 419 274
Cherry leaf 0.0024 306 193 372 213
Cherry leaf 0.0022 163 -1 234 51
Cherry leaf 0.0021 290 387 355 415
Cherry leaf 0.0021 395 238 416 355
Cherry leaf 0.0020 272 245 389 360
Cherry leaf 0.0020 72 140 165 194
Cherry leaf 0.0018 333 175 416 225
Cherry leaf 0.0017 393 217 416 308
Cherry leaf 0.0017 366 5 415 143
Cherry leaf 0.0017 125 127 206 200
Cherry leaf 0.0016 66 405 149 415
Cherry leaf 0.0016 238 371 325 416
Cherry leaf 0.0014 275 0 372 9
Cherry leaf 0.0014 0 59 7 156
Cherry leaf 0.0014 327 188 418 248
Cherry leaf 0.0014 393 203 415 247
Cherry leaf 0.0014 197 0 260 23
Cherry leaf 0.0013 392 328 417 418
Cherry leaf 0.0013 255 245 343 380
Cherry leaf 0.0012 408 333 416 424
Cherry leaf 0.0012 175 369 256 415
Cherry leaf 0.0012 202 -1 410 55
Cherry leaf 0.0012 216 26 239 76
Cherry leaf 0.0011 335 36 416 111
Cherry leaf 0.0011 245 0 306 26
Cherry leaf 0.0011 104 0 176 21
Cherry leaf 0.0011 0 18 104 262
Cherry leaf 0.0011 407 231 416 300
Cherry leaf 0.0010 184 0 270 9
Cherry leaf 0.0010 289 217 373 270
Cherry leaf 0.0010 405 -8 415 48
Cherry leaf 0.0010 0 10 25 290
Cherry leaf 0.0010 326 405 401 415
Peach leaf 0.0025 284 382 349 414
Strawberry leaf 0.0029 408 406 416 417
Strawberry leaf 0.0022 408 344 416 430
Strawberry leaf 0.0018 392 410 417 416
Strawberry leaf 0.0018 410 390 416 417
Strawberry leaf 0.0012 367 405 424 416
