Blueberry leaf 0.0026 388 0 419 4
Cherry leaf 0.0463 124 -4 181 128
Cherry leaf 0.0010 89 0 150 120
Peach leaf 0.9581 112 -1 187 171
Peach leaf 0.9208 221 223 339 301
Peach leaf 0.9140 75 177 169 350
Peach leaf 0.8712 174 -1 232 174
Peach leaf 0.8176 229 18 323 193
Peach leaf 0.6804 69 200 139 391
Peach leaf 0.3156 67 64 179 171
Peach leaf 0.1992 320 175 407 249
Peach leaf 0.1975 228 69 358 219
Peach leaf 0.1685 214 126 334 223
Peach leaf 0.1556 85 8 158 162
Peach leaf 0.0941 360 12 416 255
Peach leaf 0.0710 39 174 107 228
Peach leaf 0.0564 95 181 174 293
Peach leaf 0.0396 336 119 414 247
Peach leaf 0.0297 90 405 172 415
Peach leaf 0.0277 190 195 247 227
Peach leaf 0.0267 56 153 152 210
Peach leaf 0.0233 255 224 404 305
Peach leaf 0.0232 190 183 272 225
Peach leaf 0.0180 193 193 303 234
Peach leaf 0.0162 75 103 166 168
Peach leaf 0.0125 105 342 144 402
Peach leaf 0.0120 233 0 335 8
Peach leaf 0.0106 406 196 416 257
Peach leaf 0.0103 59 85 152 154
Peach leaf 0.0101 164 174 198 226
Peach leaf 0.0097 78 393 155 415
Peach leaf 0.0091 218 11 281 194
Peach leaf 0.0077 73 149 159 190
Peach leaf 0.0075 396 186 416 274
Peach leaf 0.0073 99 370 238 415
Peach leaf 0.0070 215 156 316 207
Peach leaf 0.0068 190 182 262 206
Peach leaf 0.0061 205 -3 254 181
Peach leaf 0.0061 203 180 324 222
Peach leaf 0.0058 177 28 323 246
Peach leaf 0.0055 332 0 426 8
Peach leaf 0.0055 64 261 117 414
Peach leaf 0.0055 375 177 417 251
Peach leaf 0.0050 148 173 187 228
Peach leaf 0.0050 180 116 225 188
Peach leaf 0.0048 152 17 218 183
Peach leaf 0.0048 407 -3 416 55
Peach leaf 0.0047 181 1 223 115
Peach leaf 0.0041 344 2 417 143
Peach leaf 0.0041 63 405 138 416
Peach leaf 0.0039 320 159 404 304
Peach leaf 0.0039 54 172 171 250
Peach leaf 0.0036 131 4 176 110
Peach leaf 0.0036 366 121 416 213
Peach leaf 0.0035 270 0 377 8
Peach leaf 0.0035 168 179 193 210
Peach leaf 0.0034 394 2 417 35
Peach leaf 0.0034 408 216 416 285
Peach leaf 0.0033 86 18 128 120
Peach leaf 0.0033 173 163 320 237
Peach leaf 0.0033 274 124 408 237
Peach leaf 0.0032 183 177 243 199
Peach leaf 0.0032 184 140 243 190
Peach leaf 0.0032 250 134 332 204
Peach leaf 0.0030 321 154 404 221
Peach leaf 0.0030 289 119 365 182
Peach leaf 0.0030 78 -1 261 166
Peach leaf 0.0028 81 69 161 141
Peach leaf 0.0028 206 256 230 363
Peach leaf 0.0028 385 -52 418 259
Peach leaf 0.0027 58 129 154 173
Peach leaf 0.0027 47 140 88 170
Peach leaf 0.0025 31 0 135 7
Peach leaf 0.0025 395 8 417 196
Peach leaf 0.0024 315 1 407 41
Peach leaf 0.0023 41 405 111 415
Peach leaf 0.0023 103 406 209 416
Peach leaf 0.0023 96 46 175 128
Peach leaf 0.0022 120 175 179 229
Peach leaf 0.0022 84 -3 199 114
Peach leaf 0.0022 74 390 232 415
Peach leaf 0.0020 260 0 397 21
Peach leaf 0.0020 7 343 96 413
Peach leaf 0.0019 196 234 232 324
Peach leaf 0.0019 313 -4 415 271
Peach leaf 0.0019 276 107 340 228
Peach leaf 0.0019 196 202 259 234
Peach leaf 0.0018 181 1 305 156
Peach leaf 0.0018 410 -1 415 24
Peach leaf 0.0018 166 173 205 203
Peach leaf 0.0018 186 0 299 7
Peach leaf 0.0018 74 411 108 416
Peach leaf 0.0017 233 196 324 234
Peach leaf 0.0017 161 177 242 224
Peach leaf 0.0017 407 166 416 239
Peach leaf 0.0017 52 74 91 138
Peach leaf 0.0016 41 92 73 178
Peach leaf 0.0015 54 77 125 136
Peach leaf 0.0015 182 57 239 204
Peach leaf 0.0015 251 172 334 225
Peach leaf 0.0014 49 341 89 409
Peach leaf 0.0014 81 292 117 389
Peach leaf 0.0014 394 220 415 264
Peach leaf 0.0014 58 3 183 212
Peach leaf 0.0013 99 412 146 416
Peach leaf 0.0013 0 10 9 59
Peach leaf 0.0013 218 155 380 245
Peach leaf 0.0013 186 162 276 210
Peach leaf 0.0013 363 216 414 415
Peach leaf 0.0012 216 197 269 225
Peach leaf 0.0012 321 167 364 234
Peach leaf 0.0012 53 393 114 414
Peach leaf 0.0012 102 393 193 414
Peach leaf 0.0012 310 124 367 154
Peach leaf 0.0012 0 0 9 7
Peach leaf 0.0012 396 121 417 244
Peach leaf 0.0012 0 2 74 267
Peach leaf 0.0011 397 206 416 317
Peach leaf 0.0011 406 0 417 7
Peach leaf 0.0011 146 -3 183 145
Peach leaf 0.0011 51 117 88 182
Peach leaf 0.0011 288 91 366 216
Peach leaf 0.0010 56 412 95 416
