Apple leaf 0.9947 287 12 410 145
Apple leaf 0.9946 3 99 164 202
Apple leaf 0.9938 109 215 254 301
Apple leaf 0.9935 160 282 344 385
Apple leaf 0.9933 176 9 293 173
Apple leaf 0.9928 22 310 158 387
Apple leaf 0.9420 263 148 401 244
Apple leaf 0.9381 335 251 409 379
Apple leaf 0.6751 18 206 100 263
Apple leaf 0.4429 57 2 140 55
Apple leaf 0.2807 1 18 151 115
Apple leaf 0.0541 341 325 405 382
Apple leaf 0.0204 189 55 276 201
Apple leaf 0.0184 0 4 19 109
Apple leaf 0.0134 5 8 81 116
Apple leaf 0.0089 350 286 405 366
Apple leaf 0.0070 348 257 407 333
Apple leaf 0.0068 -1 6 42 111
Apple leaf 0.0065 340 292 408 415
Apple leaf 0.0063 83 232 131 300
Apple leaf 0.0060 89 256 126 292
Apple leaf 0.0057 349 404 426 416
Apple leaf 0.0049 0 0 9 8
Apple leaf 0.0048 408 -8 416 61
Apple leaf 0.0046 -19 0 74 8
Apple leaf 0.0046 0 -2 9 56
Apple leaf 0.0042 -22 405 78 415
Apple leaf 0.0039 5 -1 144 45
Apple leaf 0.0034 23 0 128 9
Apple leaf 0.0034 390 0 417 6
Apple leaf 0.0033 0 -1 7 23
Apple leaf 0.0032 410 390 416 416
Apple leaf 0.0032 408 -1 416 9
Apple leaf 0.0031 97 162 263 324
Apple leaf 0.0027 0 0 23 7
Apple leaf 0.0026 410 -1 416 23
Apple leaf 0.0020 365 0 424 9
Apple leaf 0.0018 407 367 416 421
Apple leaf 0.0016 70 0 193 8
Apple leaf 0.0015 35 262 140 401
Apple leaf 0.0014 8 204 137 285
Apple leaf 0.0013 -4 0 32 11
Apple leaf 0.0012 412 0 416 36
Apple leaf 0.0012 396 -7 416 119
Apple leaf 0.0012 0 277 18 407
Apple leaf 0.0012 -2 -1 79 45
Apple leaf 0.0011 406 88 416 175
Apple leaf 0.0011 0 -2 4 38
Apple leaf 0.0011 389 410 419 415
Apple leaf 0.0010 353 394 422 414
Apple leaf 0.0010 320 0 438 8
Apple leaf 0.0010 0 124 7 218
Apple leaf 0.0010 302 405 408 415
Apple leaf 0.0010 -11 403 38 416
Cherry leaf 0.0017 40 0 143 10
Cherry leaf 0.0011 409 406 416 416
