Peach leaf 0.9948 149 197 387 271
Peach leaf 0.9938 86 116 286 190
Peach leaf 0.9906 99 249 201 366
Peach leaf 0.9900 27 230 91 335
Peach leaf 0.9875 85 20 312 130
Peach leaf 0.9700 22 208 91 252
Peach leaf 0.9627 38 152 100 213
Peach leaf 0.9473 257 217 391 335
Peach leaf 0.0734 93 222 156 363
Peach leaf 0.0515 88 58 284 159
Peach leaf 0.0514 105 217 142 277
Peach leaf 0.0224 177 208 384 317
Peach leaf 0.0089 31 199 102 241
Peach leaf 0.0079 27 209 107 231
Peach leaf 0.0070 0 246 37 346
Peach leaf 0.0053 0 206 20 353
Peach leaf 0.0049 113 222 137 264
Peach leaf 0.0044 32 217 97 270
Peach leaf 0.0042 47 2 261 159
Peach leaf 0.0037 -3 410 26 416
Peach leaf 0.0036 15 228 88 254
Peach leaf 0.0036 111 208 149 264
Peach leaf 0.0034 412 391 415 418
Peach leaf 0.0031 79 183 216 374
Peach leaf 0.0027 103 203 191 334
Peach leaf 0.0027 160 221 300 271
Peach leaf 0.0024 0 140 13 321
Peach leaf 0.0024 317 204 399 327
Peach leaf 0.0023 139 0 253 7
Peach leaf 0.0023 90 226 123 331
Peach leaf 0.0021 12 220 126 338
Peach leaf 0.0021 111 175 310 255
Peach leaf 0.0021 0 269 19 381
Peach leaf 0.0021 0 406 7 416
Peach leaf 0.0021 141 114 291 165
Peach leaf 0.0018 -9 406 50 415
Peach leaf 0.0017 101 102 266 138
Peach leaf 0.0016 0 76 16 254
Peach leaf 0.0016 251 261 368 331
Peach leaf 0.0016 257 230 333 337
Peach leaf 0.0015 0 209 7 309
Peach leaf 0.0015 0 259 6 356
Peach leaf 0.0014 0 412 37 416
Peach leaf 0.0013 20 177 92 284
Peach leaf 0.0013 0 390 4 419
Peach leaf 0.0012 86 137 221 190
Peach leaf 0.0012 -3 391 43 415
Peach leaf 0.0011 29 276 100 345
Peach leaf 0.0010 244 213 378 271
Peach leaf 0.0010 55 152 150 215
Peach leaf 0.0010 29 144 91 252
