Tomato leaf 0.9589 29 208 154 419
Tomato leaf 0.9531 7 -2 129 181
Tomato leaf 0.9411 163 204 270 424
Tomato leaf 0.9331 171 41 322 207
Tomato leaf 0.9284 90 109 140 200
Tomato leaf 0.9189 261 180 412 421
Tomato leaf 0.7786 149 125 188 199
Tomato leaf 0.1384 96 203 149 288
Tomato leaf 0.0451 0 310 25 413
Tomato leaf 0.0266 319 268 407 413
Tomato leaf 0.0215 1 56 77 182
Tomato leaf 0.0071 147 211 221 276
Tomato leaf 0.0033 -1 295 43 421
Tomato leaf 0.0032 180 109 224 198
Tomato leaf 0.0025 53 288 148 418
Tomato leaf 0.0023 147 200 186 262
Tomato leaf 0.0021 292 187 363 248
Tomato leaf 0.0021 -14 0 53 8
Tomato leaf 0.0019 316 203 404 363
Tomato leaf 0.0017 0 82 7 165
Tomato leaf 0.0016 0 118 8 192
Tomato leaf 0.0013 270 167 315 239
Tomato leaf 0.0012 336 219 404 280
Tomato leaf 0.0012 -2 0 26 5
Tomato leaf 0.0011 0 -11 6 66
Tomato leaf 0.0011 177 90 249 207
Tomato leaf 0.0010 265 195 355 360
Tomato leaf 0.0010 -3 0 46 22
