Tomato leaf 0.9874 102 34 224 169
Tomato leaf 0.9656 185 101 295 195
Tomato leaf 0.9264 192 232 364 306
Tomato leaf 0.8621 11 182 158 302
Tomato leaf 0.5882 161 338 294 389
Tomato leaf 0.3088 159 281 197 321
Tomato leaf 0.0934 181 213 277 257
Tomato leaf 0.0520 24 229 115 300
Tomato leaf 0.0149 175 244 218 276
Tomato leaf 0.0147 46 187 163 244
Tomato leaf 0.0076 106 250 153 281
Tomato leaf 0.0046 1 86 159 329
Tomato leaf 0.0044 161 210 325 291
Tomato leaf 0.0037 158 299 305 396
Tomato leaf 0.0034 50 267 103 301
Tomato leaf 0.0018 87 313 127 337
Tomato leaf 0.0016 136 220 286 316
Tomato leaf 0.0014 158 283 237 328
Tomato leaf 0.0013 171 236 234 286
