Peach leaf 0.9670 220 193 302 261
Peach leaf 0.9355 161 296 206 381
Peach leaf 0.9307 310 113 376 180
Peach leaf 0.8768 322 187 387 245
Peach leaf 0.6875 368 110 417 187
Peach leaf 0.6723 126 237 198 296
Peach leaf 0.6344 172 74 215 165
Peach leaf 0.5588 117 366 183 416
Peach leaf 0.4617 209 72 234 168
Peach leaf 0.4564 312 32 382 71
Peach leaf 0.4396 52 35 89 115
Peach leaf 0.3593 333 205 385 284
Peach leaf 0.1996 121 180 161 245
Peach leaf 0.1938 276 136 307 195
Peach leaf 0.1552 217 23 241 63
Peach leaf 0.1497 282 142 305 182
Peach leaf 0.1447 296 297 333 356
Peach leaf 0.1334 322 162 389 204
Peach leaf 0.1307 0 314 40 405
Peach leaf 0.1303 134 0 192 10
Peach leaf 0.1270 241 70 284 131
Peach leaf 0.1215 190 227 233 260
Peach leaf 0.1185 314 181 382 222
Peach leaf 0.1126 370 308 419 339
Peach leaf 0.1106 374 391 419 416
Peach leaf 0.1075 342 241 382 315
Peach leaf 0.0870 318 389 361 416
Peach leaf 0.0805 376 333 417 360
Peach leaf 0.0795 0 328 25 418
Peach leaf 0.0758 99 131 130 203
Peach leaf 0.0745 372 91 416 152
Peach leaf 0.0701 206 299 251 387
Peach leaf 0.0683 88 0 144 37
Peach leaf 0.0674 340 374 412 415
Peach leaf 0.0672 105 31 141 114
Peach leaf 0.0669 3 0 74 45
Peach leaf 0.0633 394 237 416 279
Peach leaf 0.0599 281 74 315 128
Peach leaf 0.0550 1 286 55 312
Peach leaf 0.0494 248 212 306 273
Peach leaf 0.0477 231 84 265 181
Peach leaf 0.0475 396 7 417 48
Peach leaf 0.0472 282 237 309 314
Peach leaf 0.0459 189 25 232 60
Peach leaf 0.0458 222 65 280 114
Peach leaf 0.0434 236 69 284 97
Peach leaf 0.0432 152 184 192 244
Peach leaf 0.0431 150 249 210 307
Peach leaf 0.0418 309 85 369 113
Peach leaf 0.0412 391 375 417 416
Peach leaf 0.0396 0 372 11 419
Peach leaf 0.0380 396 185 416 279
Peach leaf 0.0322 289 77 314 109
Peach leaf 0.0313 392 325 416 354
Peach leaf 0.0312 371 281 416 343
Peach leaf 0.0304 309 62 370 87
Peach leaf 0.0300 -1 304 22 386
Peach leaf 0.0293 4 276 73 318
Peach leaf 0.0285 194 220 236 279
Peach leaf 0.0277 0 377 20 416
Peach leaf 0.0267 0 0 57 26
Peach leaf 0.0252 83 390 134 416
Peach leaf 0.0251 129 0 184 17
Peach leaf 0.0251 304 47 375 69
Peach leaf 0.0248 301 390 347 416
Peach leaf 0.0247 0 -3 10 41
Peach leaf 0.0245 1 251 57 302
Peach leaf 0.0244 237 0 298 21
Peach leaf 0.0229 405 204 416 264
Peach leaf 0.0226 164 84 212 214
Peach leaf 0.0225 343 273 383 311
Peach leaf 0.0218 225 46 275 73
Peach leaf 0.0211 355 135 397 197
Peach leaf 0.0210 0 247 9 302
Peach leaf 0.0209 77 372 168 415
Peach leaf 0.0200 405 -2 416 43
Peach leaf 0.0197 264 5 295 71
Peach leaf 0.0197 205 248 248 285
Peach leaf 0.0194 404 222 416 281
Peach leaf 0.0185 356 265 389 320
Peach leaf 0.0185 372 283 417 316
Peach leaf 0.0179 2 391 38 415
Peach leaf 0.0179 0 389 6 418
Peach leaf 0.0176 393 407 414 416
Peach leaf 0.0175 406 268 416 313
Peach leaf 0.0174 239 64 295 89
Peach leaf 0.0173 179 128 217 206
Peach leaf 0.0170 0 405 7 416
Peach leaf 0.0168 10 292 58 322
Peach leaf 0.0166 309 159 371 186
Peach leaf 0.0162 280 179 320 209
Peach leaf 0.0161 244 4 284 72
Peach leaf 0.0159 40 0 136 44
Peach leaf 0.0157 284 21 302 64
Peach leaf 0.0157 307 103 412 190
Peach leaf 0.0149 376 365 416 417
Peach leaf 0.0148 -1 1 43 75
Peach leaf 0.0148 225 6 271 71
Peach leaf 0.0145 206 90 232 208
Peach leaf 0.0142 383 409 409 416
Peach leaf 0.0140 145 0 180 6
Peach leaf 0.0138 404 373 416 416
Peach leaf 0.0136 217 77 233 140
Peach leaf 0.0136 100 389 165 415
Peach leaf 0.0134 294 0 320 6
Peach leaf 0.0134 411 282 415 316
Peach leaf 0.0133 312 46 380 92
Peach leaf 0.0131 240 94 278 179
Peach leaf 0.0129 266 22 288 64
Peach leaf 0.0127 11 391 60 416
Peach leaf 0.0125 309 1 382 48
Peach leaf 0.0123 339 404 404 415
Peach leaf 0.0118 186 26 224 48
Peach leaf 0.0118 410 333 415 360
Peach leaf 0.0117 108 0 172 10
Peach leaf 0.0117 373 312 415 368
Peach leaf 0.0116 223 0 296 9
Peach leaf 0.0114 0 347 8 412
Peach leaf 0.0114 188 11 220 69
Peach leaf 0.0113 30 2 75 74
Peach leaf 0.0112 407 75 416 138
Peach leaf 0.0108 189 0 232 35
Peach leaf 0.0108 155 391 220 415
Peach leaf 0.0108 409 326 416 353
Peach leaf 0.0107 282 389 333 416
Peach leaf 0.0106 0 311 10 382
Peach leaf 0.0106 335 389 396 415
Peach leaf 0.0106 352 214 391 281
Peach leaf 0.0105 394 234 416 321
Peach leaf 0.0105 0 -2 21 39
Peach leaf 0.0104 407 406 416 417
Peach leaf 0.0103 100 0 162 22
Peach leaf 0.0103 379 227 415 295
Peach leaf 0.0102 229 314 266 402
Peach leaf 0.0101 407 180 416 243
Peach leaf 0.0099 286 78 327 117
Peach leaf 0.0099 96 3 141 72
Peach leaf 0.0099 411 371 415 403
Peach leaf 0.0098 0 294 10 353
Peach leaf 0.0097 317 112 379 148
Peach leaf 0.0096 214 0 274 22
Peach leaf 0.0095 0 -1 6 26
Peach leaf 0.0094 408 392 416 416
Peach leaf 0.0094 392 63 417 142
Peach leaf 0.0093 251 205 307 321
Peach leaf 0.0092 40 391 95 415
Peach leaf 0.0091 154 236 207 361
Peach leaf 0.0090 180 248 213 310
Peach leaf 0.0090 294 0 368 8
Peach leaf 0.0089 131 0 162 6
Peach leaf 0.0089 321 404 375 415
Peach leaf 0.0089 336 174 406 225
Peach leaf 0.0087 391 0 417 6
Peach leaf 0.0087 23 0 97 23
Peach leaf 0.0087 411 265 416 302
Peach leaf 0.0086 86 404 146 415
Peach leaf 0.0086 0 379 4 414
Peach leaf 0.0085 216 -2 248 57
Peach leaf 0.0085 407 122 416 187
Peach leaf 0.0084 387 95 417 175
Peach leaf 0.0084 1 408 22 416
Peach leaf 0.0084 214 213 289 273
Peach leaf 0.0082 260 204 318 258
Peach leaf 0.0080 406 288 416 340
Peach leaf 0.0079 105 49 136 153
Peach leaf 0.0079 18 318 53 398
Peach leaf 0.0078 375 349 416 377
Peach leaf 0.0078 279 0 305 5
Peach leaf 0.0078 0 0 7 10
Peach leaf 0.0077 393 0 415 24
Peach leaf 0.0076 393 271 417 310
Peach leaf 0.0076 214 406 274 415
Peach leaf 0.0076 210 215 248 282
Peach leaf 0.0075 410 380 416 411
Peach leaf 0.0075 185 245 247 382
Peach leaf 0.0074 312 2 364 33
Peach leaf 0.0074 0 104 9 173
Peach leaf 0.0074 137 405 207 416
Peach leaf 0.0073 9 405 63 415
Peach leaf 0.0073 199 320 240 393
Peach leaf 0.0073 5 410 33 416
Peach leaf 0.0073 294 366 330 416
Peach leaf 0.0073 376 403 416 415
Peach leaf 0.0072 391 335 416 373
Peach leaf 0.0072 404 321 416 357
Peach leaf 0.0071 7 378 30 415
Peach leaf 0.0071 66 36 103 110
Peach leaf 0.0070 298 18 368 61
Peach leaf 0.0070 36 282 81 316
Peach leaf 0.0069 410 0 416 23
Peach leaf 0.0068 395 197 416 243
Peach leaf 0.0067 256 79 280 120
Peach leaf 0.0066 109 23 152 93
Peach leaf 0.0065 0 358 40 417
Peach leaf 0.0064 341 0 411 47
Peach leaf 0.0062 294 175 318 203
Peach leaf 0.0061 119 146 156 220
Peach leaf 0.0061 393 304 416 340
Peach leaf 0.0059 325 410 353 416
Peach leaf 0.0059 268 143 304 219
Peach leaf 0.0058 162 404 230 416
Peach leaf 0.0058 215 391 274 415
Peach leaf 0.0058 7 369 73 416
Peach leaf 0.0057 6 299 51 332
Peach leaf 0.0057 328 29 394 58
Peach leaf 0.0057 212 263 247 362
Peach leaf 0.0057 285 0 330 20
Peach leaf 0.0056 408 0 416 8
Peach leaf 0.0055 234 406 302 416
Peach leaf 0.0055 157 191 201 229
Peach leaf 0.0055 2 0 159 57
Peach leaf 0.0055 407 101 416 160
Peach leaf 0.0055 393 254 416 295
Peach leaf 0.0053 190 272 215 309
Peach leaf 0.0053 220 53 268 79
Peach leaf 0.0053 343 171 397 202
Peach leaf 0.0052 134 368 229 415
Peach leaf 0.0052 214 0 257 36
Peach leaf 0.0052 270 0 297 5
Peach leaf 0.0051 243 66 307 115
Peach leaf 0.0051 216 21 249 80
Peach leaf 0.0051 393 177 415 213
Peach leaf 0.0049 376 140 415 220
Peach leaf 0.0049 18 411 52 416
Peach leaf 0.0049 182 231 216 293
Peach leaf 0.0049 224 412 262 416
Peach leaf 0.0048 164 248 225 380
Peach leaf 0.0048 407 332 416 377
Peach leaf 0.0048 365 119 412 158
Peach leaf 0.0048 21 284 81 333
Peach leaf 0.0048 283 0 332 9
Peach leaf 0.0046 230 0 294 51
Peach leaf 0.0046 136 177 199 230
Peach leaf 0.0046 243 340 277 408
Peach leaf 0.0046 2 295 45 360
Peach leaf 0.0046 391 123 416 206
Peach leaf 0.0046 406 356 416 402
Peach leaf 0.0045 323 0 389 24
Peach leaf 0.0045 0 273 10 324
Peach leaf 0.0044 0 251 21 297
Peach leaf 0.0044 271 79 295 118
Peach leaf 0.0044 77 410 106 416
Peach leaf 0.0044 0 0 22 8
Peach leaf 0.0043 411 296 415 334
Peach leaf 0.0043 279 6 308 70
Peach leaf 0.0043 393 363 416 395
Peach leaf 0.0043 396 71 416 110
Peach leaf 0.0043 0 78 17 221
Peach leaf 0.0043 347 0 410 23
Peach leaf 0.0043 365 99 415 133
Peach leaf 0.0042 299 1 316 19
Peach leaf 0.0042 261 71 299 130
Peach leaf 0.0042 279 159 305 198
Peach leaf 0.0042 216 257 274 400
Peach leaf 0.0042 0 355 21 403
Peach leaf 0.0042 312 409 335 416
Peach leaf 0.0041 260 374 332 414
Peach leaf 0.0041 -1 0 19 113
Peach leaf 0.0040 312 390 335 416
Peach leaf 0.0040 128 189 168 265
Peach leaf 0.0040 3 392 19 416
Peach leaf 0.0040 199 200 272 263
Peach leaf 0.0040 163 0 195 5
Peach leaf 0.0040 221 48 281 97
Peach leaf 0.0039 66 404 117 415
Peach leaf 0.0039 287 16 308 57
Peach leaf 0.0039 302 304 328 345
Peach leaf 0.0039 340 140 385 196
Peach leaf 0.0039 410 10 416 45
Peach leaf 0.0039 303 410 328 416
Peach leaf 0.0038 240 412 278 416
Peach leaf 0.0037 376 327 415 391
Peach leaf 0.0037 179 260 215 363
Peach leaf 0.0036 90 411 124 416
Peach leaf 0.0035 371 366 419 394
Peach leaf 0.0035 328 182 396 209
Peach leaf 0.0035 253 1 296 35
Peach leaf 0.0034 412 337 416 373
Peach leaf 0.0034 76 0 155 9
Peach leaf 0.0034 394 336 414 355
Peach leaf 0.0034 93 51 143 222
Peach leaf 0.0034 103 138 124 190
Peach leaf 0.0034 234 2 285 34
Peach leaf 0.0034 294 69 368 113
Peach leaf 0.0033 0 -4 3 42
Peach leaf 0.0033 0 53 8 129
Peach leaf 0.0033 67 0 135 23
Peach leaf 0.0033 301 139 366 189
Peach leaf 0.0033 198 31 223 69
Peach leaf 0.0032 291 0 308 19
Peach leaf 0.0032 0 300 20 346
Peach leaf 0.0032 393 275 417 348
Peach leaf 0.0032 372 411 404 416
Peach leaf 0.0032 122 226 186 277
Peach leaf 0.0032 18 293 58 361
Peach leaf 0.0031 269 0 313 22
Peach leaf 0.0031 164 236 205 294
Peach leaf 0.0031 318 198 380 324
Peach leaf 0.0031 231 29 290 81
Peach leaf 0.0031 217 242 242 279
Peach leaf 0.0031 228 282 265 377
Peach leaf 0.0031 202 262 240 288
Peach leaf 0.0031 50 0 101 37
Peach leaf 0.0031 292 411 323 416
Peach leaf 0.0030 345 269 381 345
Peach leaf 0.0030 299 56 367 80
Peach leaf 0.0030 393 140 416 184
Peach leaf 0.0029 256 0 310 9
Peach leaf 0.0029 272 15 294 59
Peach leaf 0.0029 183 406 257 416
Peach leaf 0.0029 396 0 416 110
Peach leaf 0.0029 395 18 416 65
Peach leaf 0.0029 411 314 415 349
Peach leaf 0.0028 49 4 92 72
Peach leaf 0.0028 -9 0 64 10
Peach leaf 0.0028 394 289 416 323
Peach leaf 0.0028 273 170 311 206
Peach leaf 0.0028 320 139 389 261
Peach leaf 0.0028 364 133 412 176
Peach leaf 0.0028 326 383 352 412
Peach leaf 0.0028 60 410 91 416
Peach leaf 0.0028 230 25 276 62
Peach leaf 0.0028 264 122 305 188
Peach leaf 0.0027 0 27 17 177
Peach leaf 0.0027 223 1 246 24
Peach leaf 0.0027 101 80 136 190
Peach leaf 0.0027 0 244 3 291
Peach leaf 0.0026 242 53 294 83
Peach leaf 0.0026 212 335 253 409
Peach leaf 0.0026 46 410 74 416
Peach leaf 0.0026 283 404 332 415
Peach leaf 0.0026 105 25 158 152
Peach leaf 0.0026 412 354 416 389
Peach leaf 0.0026 48 8 128 64
Peach leaf 0.0026 247 0 287 4
Peach leaf 0.0026 336 411 373 416
Peach leaf 0.0025 364 106 414 259
Peach leaf 0.0025 273 209 311 279
Peach leaf 0.0025 193 0 245 22
Peach leaf 0.0025 299 95 365 142
Peach leaf 0.0025 135 200 197 258
Peach leaf 0.0025 0 298 4 334
Peach leaf 0.0024 381 171 415 260
Peach leaf 0.0024 42 404 93 415
Peach leaf 0.0024 221 47 280 166
Peach leaf 0.0024 113 0 149 4
Peach leaf 0.0024 86 35 122 110
Peach leaf 0.0024 54 49 79 105
Peach leaf 0.0023 411 208 416 247
Peach leaf 0.0023 123 388 188 416
Peach leaf 0.0023 22 0 112 9
Peach leaf 0.0023 275 1 292 20
Peach leaf 0.0023 307 303 338 377
Peach leaf 0.0022 0 282 4 317
Peach leaf 0.0022 159 0 215 8
Peach leaf 0.0022 39 322 75 393
Peach leaf 0.0022 0 404 41 415
Peach leaf 0.0022 193 156 216 201
Peach leaf 0.0022 233 73 288 195
Peach leaf 0.0022 134 130 170 206
Peach leaf 0.0022 41 372 135 416
Peach leaf 0.0022 0 266 20 357
Peach leaf 0.0021 165 264 211 302
Peach leaf 0.0021 172 250 216 284
Peach leaf 0.0021 375 0 417 53
Peach leaf 0.0021 190 68 238 200
Peach leaf 0.0021 342 138 383 171
Peach leaf 0.0021 0 290 20 324
Peach leaf 0.0020 162 196 199 264
Peach leaf 0.0020 284 1 300 20
Peach leaf 0.0020 333 175 407 294
Peach leaf 0.0020 407 9 416 74
Peach leaf 0.0020 382 0 423 9
Peach leaf 0.0020 308 126 358 167
Peach leaf 0.0020 379 0 413 3
Peach leaf 0.0020 192 28 216 44
Peach leaf 0.0019 132 261 203 324
Peach leaf 0.0019 357 412 402 416
Peach leaf 0.0019 357 309 394 373
Peach leaf 0.0019 235 390 300 415
Peach leaf 0.0019 16 306 40 339
Peach leaf 0.0019 320 76 374 106
Peach leaf 0.0019 151 0 206 20
Peach leaf 0.0019 184 0 238 10
Peach leaf 0.0018 122 189 186 306
Peach leaf 0.0018 376 267 416 301
Peach leaf 0.0018 407 156 416 217
Peach leaf 0.0018 301 0 344 4
Peach leaf 0.0018 0 273 19 308
Peach leaf 0.0018 198 238 237 317
Peach leaf 0.0018 9 259 61 290
Peach leaf 0.0018 136 1 190 34
Peach leaf 0.0018 333 155 392 187
Peach leaf 0.0018 388 343 416 411
Peach leaf 0.0017 2 -2 111 93
Peach leaf 0.0017 318 0 393 9
Peach leaf 0.0017 211 234 247 322
Peach leaf 0.0017 412 110 416 152
Peach leaf 0.0017 246 132 283 197
Peach leaf 0.0017 185 391 254 414
Peach leaf 0.0017 315 81 394 124
Peach leaf 0.0017 42 -3 98 119
Peach leaf 0.0017 173 191 215 230
Peach leaf 0.0017 357 274 393 345
Peach leaf 0.0017 343 353 412 406
Peach leaf 0.0016 170 0 224 23
Peach leaf 0.0016 214 0 241 4
Peach leaf 0.0016 118 181 162 212
Peach leaf 0.0016 143 3 167 16
Peach leaf 0.0016 179 0 212 4
Peach leaf 0.0016 0 108 19 154
Peach leaf 0.0016 151 3 175 16
Peach leaf 0.0016 363 326 416 354
Peach leaf 0.0016 384 371 417 402
Peach leaf 0.0016 224 82 265 115
Peach leaf 0.0016 0 4 8 82
Peach leaf 0.0016 306 27 389 48
Peach leaf 0.0016 150 129 182 208
Peach leaf 0.0016 223 182 298 227
Peach leaf 0.0015 358 106 404 169
Peach leaf 0.0015 249 85 273 127
Peach leaf 0.0015 8 394 29 415
Peach leaf 0.0015 126 182 152 226
Peach leaf 0.0015 340 232 403 292
Peach leaf 0.0015 214 90 230 156
Peach leaf 0.0015 290 256 328 333
Peach leaf 0.0015 93 -4 146 118
Peach leaf 0.0015 343 -2 381 54
Peach leaf 0.0015 374 250 418 285
Peach leaf 0.0015 308 376 383 416
Peach leaf 0.0015 110 0 137 39
Peach leaf 0.0014 229 0 272 4
Peach leaf 0.0014 150 412 192 416
Peach leaf 0.0014 24 2 79 35
Peach leaf 0.0014 215 53 246 123
Peach leaf 0.0014 346 0 429 8
Peach leaf 0.0014 350 249 390 286
Peach leaf 0.0014 231 377 273 415
Peach leaf 0.0014 0 215 7 288
Peach leaf 0.0014 308 79 353 128
Peach leaf 0.0014 166 149 206 215
Peach leaf 0.0014 253 412 297 416
Peach leaf 0.0013 304 -2 411 99
Peach leaf 0.0013 208 412 247 416
Peach leaf 0.0013 301 403 347 415
Peach leaf 0.0013 113 404 182 416
Peach leaf 0.0013 118 228 230 315
Peach leaf 0.0013 350 183 393 247
Peach leaf 0.0013 0 259 3 308
Peach leaf 0.0013 406 54 416 112
Peach leaf 0.0013 392 394 415 414
Peach leaf 0.0013 318 0 361 3
Peach leaf 0.0013 194 0 228 4
Peach leaf 0.0012 199 0 266 53
Peach leaf 0.0012 17 366 36 408
Peach leaf 0.0012 0 356 3 404
Peach leaf 0.0012 0 265 49 323
Peach leaf 0.0012 85 9 132 43
Peach leaf 0.0012 358 281 404 317
Peach leaf 0.0012 25 7 62 98
Peach leaf 0.0012 199 232 257 288
Peach leaf 0.0012 104 412 143 416
Peach leaf 0.0012 8 360 29 400
Peach leaf 0.0012 145 226 217 275
Peach leaf 0.0012 412 93 416 136
Peach leaf 0.0012 258 32 279 70
Peach leaf 0.0011 4 299 67 421
Peach leaf 0.0011 160 235 214 267
Peach leaf 0.0011 102 27 144 59
Peach leaf 0.0011 411 246 416 287
Peach leaf 0.0011 286 299 330 333
Peach leaf 0.0011 166 412 208 416
Peach leaf 0.0011 245 43 290 75
Peach leaf 0.0011 271 0 292 38
Peach leaf 0.0011 334 108 380 168
Peach leaf 0.0011 340 223 387 263
Peach leaf 0.0011 211 296 231 335
Peach leaf 0.0011 185 253 240 282
Peach leaf 0.0011 110 -1 190 44
Peach leaf 0.0011 364 252 415 372
Peach leaf 0.0011 393 158 415 198
Peach leaf 0.0011 198 230 225 269
Peach leaf 0.0011 322 394 341 415
Peach leaf 0.0011 135 183 160 225
Peach leaf 0.0011 309 175 385 199
Peach leaf 0.0011 284 258 302 307
Peach leaf 0.0011 208 0 263 10
Peach leaf 0.0011 81 43 104 91
Peach leaf 0.0010 266 2 286 18
Peach leaf 0.0010 49 -2 238 54
Peach leaf 0.0010 273 187 312 251
Peach leaf 0.0010 201 25 266 77
Peach leaf 0.0010 297 0 317 38
Peach leaf 0.0010 193 0 217 24
Peach leaf 0.0010 294 2 340 34
Peach leaf 0.0010 331 27 416 76
Peach leaf 0.0010 115 110 152 197
Peach leaf 0.0010 -1 268 44 300
Peach leaf 0.0010 386 396 407 414
Peach leaf 0.0010 164 172 211 202
Peach leaf 0.0010 391 108 416 152
Peach leaf 0.0010 261 38 297 107
Peach leaf 0.0010 412 183 416 223
Peach leaf 0.0010 329 69 380 96
Peach leaf 0.0010 1 0 36 4
Peach leaf 0.0010 36 289 76 363
