Corn leaf blight 0.0016 0 280 8 334
Corn leaf blight 0.0014 407 351 415 407
Peach leaf 0.7254 145 318 213 379
Peach leaf 0.4031 105 241 142 295
Peach leaf 0.3438 224 260 262 291
Peach leaf 0.2597 70 332 139 386
Peach leaf 0.2457 150 283 217 330
Peach leaf 0.2224 119 246 144 288
Peach leaf 0.1964 114 327 150 384
Peach leaf 0.1759 64 312 136 347
Peach leaf 0.1645 289 217 359 237
Peach leaf 0.1049 143 271 199 322
Peach leaf 0.0931 340 344 382 408
Peach leaf 0.0918 64 390 120 415
Peach leaf 0.0819 56 318 130 366
Peach leaf 0.0778 89 241 129 262
Peach leaf 0.0598 124 225 140 244
Peach leaf 0.0560 73 154 110 189
Peach leaf 0.0551 72 244 109 271
Peach leaf 0.0545 101 120 160 143
Peach leaf 0.0468 145 261 166 291
Peach leaf 0.0458 104 257 131 295
Peach leaf 0.0423 286 233 311 270
Peach leaf 0.0387 54 403 114 415
Peach leaf 0.0381 225 232 264 296
Peach leaf 0.0371 43 395 93 415
Peach leaf 0.0365 41 120 108 140
Peach leaf 0.0360 67 134 113 160
Peach leaf 0.0342 45 114 105 133
Peach leaf 0.0341 80 321 151 374
Peach leaf 0.0322 217 218 251 274
Peach leaf 0.0311 116 133 161 159
Peach leaf 0.0308 174 345 214 380
Peach leaf 0.0305 179 234 230 266
Peach leaf 0.0300 99 293 146 321
Peach leaf 0.0281 239 233 280 266
Peach leaf 0.0267 0 408 21 416
Peach leaf 0.0266 95 242 136 276
Peach leaf 0.0261 -1 390 43 415
Peach leaf 0.0260 137 282 178 316
Peach leaf 0.0259 76 354 123 386
Peach leaf 0.0251 298 222 362 245
Peach leaf 0.0244 94 75 138 94
Peach leaf 0.0242 183 223 247 270
Peach leaf 0.0239 177 270 250 323
Peach leaf 0.0231 63 68 87 95
Peach leaf 0.0228 102 335 145 375
Peach leaf 0.0227 230 268 256 294
Peach leaf 0.0223 94 287 138 313
Peach leaf 0.0214 265 194 287 228
Peach leaf 0.0212 81 311 146 335
Peach leaf 0.0187 79 404 138 415
Peach leaf 0.0184 271 193 310 230
Peach leaf 0.0182 -1 406 9 416
Peach leaf 0.0181 24 393 80 415
Peach leaf 0.0180 144 251 187 313
Peach leaf 0.0172 14 405 75 415
Peach leaf 0.0171 87 393 143 415
Peach leaf 0.0157 137 224 177 248
Peach leaf 0.0154 -4 404 44 415
Peach leaf 0.0151 -1 390 20 415
Peach leaf 0.0148 76 248 94 270
Peach leaf 0.0140 102 404 162 415
Peach leaf 0.0138 115 223 148 244
Peach leaf 0.0137 296 209 364 232
Peach leaf 0.0134 157 249 203 270
Peach leaf 0.0133 248 192 288 230
Peach leaf 0.0128 281 232 318 258
Peach leaf 0.0126 130 225 146 243
Peach leaf 0.0125 61 140 107 169
Peach leaf 0.0122 41 127 109 150
Peach leaf 0.0122 123 217 143 241
Peach leaf 0.0113 206 225 248 261
Peach leaf 0.0112 158 266 199 299
Peach leaf 0.0112 223 220 247 253
Peach leaf 0.0106 143 258 184 292
Peach leaf 0.0106 0 391 6 418
Peach leaf 0.0106 216 231 241 271
Peach leaf 0.0104 0 368 56 415
Peach leaf 0.0104 60 409 90 416
Peach leaf 0.0103 85 299 145 330
Peach leaf 0.0099 94 233 135 253
Peach leaf 0.0099 78 161 102 194
Peach leaf 0.0097 142 227 184 257
Peach leaf 0.0095 110 320 196 374
Peach leaf 0.0095 104 229 126 242
Peach leaf 0.0094 78 385 133 409
Peach leaf 0.0094 102 264 144 299
Peach leaf 0.0091 96 225 135 244
Peach leaf 0.0091 217 254 273 299
Peach leaf 0.0089 148 298 198 329
Peach leaf 0.0088 182 252 225 281
Peach leaf 0.0087 100 410 131 416
Peach leaf 0.0086 126 257 148 292
Peach leaf 0.0086 3 410 34 416
Peach leaf 0.0082 95 243 120 259
Peach leaf 0.0080 120 393 175 415
Peach leaf 0.0075 112 140 155 169
Peach leaf 0.0073 147 256 218 310
Peach leaf 0.0071 39 45 80 70
Peach leaf 0.0071 72 410 110 416
Peach leaf 0.0071 192 249 231 313
Peach leaf 0.0070 170 246 223 272
Peach leaf 0.0068 45 410 76 416
Peach leaf 0.0066 147 222 193 248
Peach leaf 0.0065 124 405 187 415
Peach leaf 0.0065 64 147 87 180
Peach leaf 0.0065 0 337 9 389
Peach leaf 0.0061 237 222 282 249
Peach leaf 0.0058 166 237 236 286
Peach leaf 0.0058 52 40 89 99
Peach leaf 0.0058 184 231 222 292
Peach leaf 0.0057 288 247 308 285
Peach leaf 0.0057 120 152 158 171
Peach leaf 0.0056 144 272 169 311
Peach leaf 0.0056 103 216 145 241
Peach leaf 0.0056 70 323 127 352
Peach leaf 0.0055 115 410 147 416
Peach leaf 0.0053 243 231 279 294
Peach leaf 0.0052 276 211 355 249
Peach leaf 0.0052 105 221 125 235
Peach leaf 0.0049 230 253 258 284
Peach leaf 0.0049 128 243 146 276
Peach leaf 0.0049 77 137 119 170
Peach leaf 0.0047 245 215 287 240
Peach leaf 0.0045 24 411 62 416
Peach leaf 0.0045 -1 346 76 410
Peach leaf 0.0045 51 375 129 416
Peach leaf 0.0045 152 330 204 365
Peach leaf 0.0044 103 237 128 250
Peach leaf 0.0044 279 200 304 235
Peach leaf 0.0044 102 149 136 216
Peach leaf 0.0043 87 217 130 239
Peach leaf 0.0041 227 223 295 272
Peach leaf 0.0041 106 154 127 188
Peach leaf 0.0041 271 199 293 236
Peach leaf 0.0040 138 263 175 301
Peach leaf 0.0040 147 239 196 264
Peach leaf 0.0039 273 196 355 237
Peach leaf 0.0039 165 410 194 415
Peach leaf 0.0039 5 312 142 410
Peach leaf 0.0038 178 282 229 315
Peach leaf 0.0038 147 253 195 281
Peach leaf 0.0038 231 234 256 267
Peach leaf 0.0038 144 226 225 268
Peach leaf 0.0037 194 215 270 259
Peach leaf 0.0037 129 411 165 416
Peach leaf 0.0036 374 346 413 411
Peach leaf 0.0036 134 317 169 376
Peach leaf 0.0035 100 113 161 136
Peach leaf 0.0035 282 239 304 279
Peach leaf 0.0034 115 228 134 242
Peach leaf 0.0034 56 347 128 401
Peach leaf 0.0034 187 275 237 307
Peach leaf 0.0034 0 333 20 375
Peach leaf 0.0034 152 405 208 415
Peach leaf 0.0033 327 340 367 410
Peach leaf 0.0033 358 357 382 401
Peach leaf 0.0032 161 239 215 265
Peach leaf 0.0032 18 331 128 387
Peach leaf 0.0032 0 324 44 396
Peach leaf 0.0031 101 239 143 265
Peach leaf 0.0031 128 204 164 232
Peach leaf 0.0030 96 238 120 251
Peach leaf 0.0030 139 238 175 263
Peach leaf 0.0030 0 379 4 414
Peach leaf 0.0029 146 242 164 260
Peach leaf 0.0029 187 259 233 290
Peach leaf 0.0029 105 140 125 172
Peach leaf 0.0028 83 150 122 211
Peach leaf 0.0028 221 224 266 263
Peach leaf 0.0028 180 410 211 415
Peach leaf 0.0028 106 127 165 169
Peach leaf 0.0027 412 371 415 403
Peach leaf 0.0027 88 221 110 234
Peach leaf 0.0027 126 156 152 170
Peach leaf 0.0026 63 43 85 73
Peach leaf 0.0026 140 303 204 357
Peach leaf 0.0026 0 372 9 419
Peach leaf 0.0026 84 338 132 375
Peach leaf 0.0025 84 157 129 186
Peach leaf 0.0025 182 265 226 299
Peach leaf 0.0025 3 371 105 415
Peach leaf 0.0025 -1 337 24 413
Peach leaf 0.0025 292 220 361 267
Peach leaf 0.0025 260 188 297 240
Peach leaf 0.0024 301 231 360 252
Peach leaf 0.0024 59 49 78 67
Peach leaf 0.0024 74 374 125 401
Peach leaf 0.0024 80 338 153 404
Peach leaf 0.0023 85 77 134 101
Peach leaf 0.0023 247 229 273 259
Peach leaf 0.0023 139 275 203 382
Peach leaf 0.0023 79 245 102 261
Peach leaf 0.0023 69 362 116 393
Peach leaf 0.0022 200 229 226 259
Peach leaf 0.0022 123 236 141 250
Peach leaf 0.0022 288 230 325 291
Peach leaf 0.0022 96 222 118 235
Peach leaf 0.0022 129 230 169 256
Peach leaf 0.0022 345 361 368 397
Peach leaf 0.0021 133 241 146 262
Peach leaf 0.0021 49 105 103 128
Peach leaf 0.0021 173 405 234 415
Peach leaf 0.0021 0 343 3 384
Peach leaf 0.0021 253 229 296 257
Peach leaf 0.0021 141 217 188 239
Peach leaf 0.0020 10 390 134 415
Peach leaf 0.0020 244 234 317 289
Peach leaf 0.0020 140 235 157 252
Peach leaf 0.0020 125 334 152 375
Peach leaf 0.0020 54 325 102 352
Peach leaf 0.0020 98 138 118 171
Peach leaf 0.0019 114 237 133 249
Peach leaf 0.0019 191 278 232 337
Peach leaf 0.0019 254 187 278 223
Peach leaf 0.0019 376 357 399 400
Peach leaf 0.0019 245 201 281 265
Peach leaf 0.0019 231 241 271 276
Peach leaf 0.0019 95 273 136 308
Peach leaf 0.0018 53 399 80 413
Peach leaf 0.0017 33 382 86 411
Peach leaf 0.0017 147 411 180 416
Peach leaf 0.0017 140 242 156 260
Peach leaf 0.0017 196 269 241 298
Peach leaf 0.0017 329 333 391 394
Peach leaf 0.0017 270 199 283 224
Peach leaf 0.0016 271 189 294 222
Peach leaf 0.0016 238 205 284 234
Peach leaf 0.0016 144 247 185 270
Peach leaf 0.0016 94 126 142 150
Peach leaf 0.0016 78 145 104 183
Peach leaf 0.0016 111 158 132 199
Peach leaf 0.0016 132 234 147 251
Peach leaf 0.0016 115 221 133 236
Peach leaf 0.0016 119 266 158 298
Peach leaf 0.0015 124 314 173 346
Peach leaf 0.0015 73 373 164 416
Peach leaf 0.0015 83 116 164 157
Peach leaf 0.0015 77 232 125 256
Peach leaf 0.0015 161 261 185 290
Peach leaf 0.0015 139 228 157 243
Peach leaf 0.0015 140 277 173 339
Peach leaf 0.0015 50 61 88 91
Peach leaf 0.0015 103 258 140 327
Peach leaf 0.0015 145 234 166 252
Peach leaf 0.0015 288 235 311 252
Peach leaf 0.0015 411 357 415 385
Peach leaf 0.0015 85 161 112 196
Peach leaf 0.0015 184 283 273 335
Peach leaf 0.0014 126 246 140 270
Peach leaf 0.0014 128 214 168 241
Peach leaf 0.0014 165 253 192 266
Peach leaf 0.0014 145 228 168 243
Peach leaf 0.0014 341 361 410 414
Peach leaf 0.0014 88 244 111 259
Peach leaf 0.0014 135 199 160 225
Peach leaf 0.0014 262 236 305 265
Peach leaf 0.0014 57 389 180 415
Peach leaf 0.0013 50 117 120 154
Peach leaf 0.0013 101 137 114 159
Peach leaf 0.0013 31 40 74 63
Peach leaf 0.0013 -1 285 20 402
Peach leaf 0.0012 62 143 117 193
Peach leaf 0.0012 88 229 110 241
Peach leaf 0.0012 208 241 247 276
Peach leaf 0.0012 338 370 375 403
Peach leaf 0.0012 0 328 3 369
Peach leaf 0.0012 222 247 234 272
Peach leaf 0.0012 196 411 226 415
Peach leaf 0.0012 281 238 314 312
Peach leaf 0.0012 280 207 337 233
Peach leaf 0.0011 136 240 201 290
Peach leaf 0.0011 96 229 120 242
Peach leaf 0.0011 0 290 4 325
Peach leaf 0.0011 60 66 103 100
Peach leaf 0.0011 162 244 232 345
Peach leaf 0.0011 0 311 9 368
Peach leaf 0.0011 164 260 208 292
Peach leaf 0.0011 369 356 389 401
Peach leaf 0.0011 220 217 266 241
Peach leaf 0.0011 68 126 107 180
Peach leaf 0.0010 66 110 114 135
Peach leaf 0.0010 156 228 202 257
Peach leaf 0.0010 0 316 4 348
Peach leaf 0.0010 42 136 94 157
Peach leaf 0.0010 128 259 168 292
Peach leaf 0.0010 228 274 246 292
Peach leaf 0.0010 204 259 254 292
Peach leaf 0.0010 15 115 101 156
Peach leaf 0.0010 164 273 210 310
Peach leaf 0.0010 71 146 95 183
Peach leaf 0.0010 78 223 122 245
Peach leaf 0.0010 181 216 250 342
Peach leaf 0.0010 152 227 175 242
Peach leaf 0.0010 195 211 234 262
Peach leaf 0.0010 81 228 102 242
Peach leaf 0.0010 156 395 204 414
Peach leaf 0.0010 110 342 136 380
Peach leaf 0.0010 336 347 376 380
Raspberry leaf 0.0011 147 251 257 347
