Soyabean leaf 0.0015 0 391 7 416
Tomato leaf 0.9814 188 215 249 351
Tomato leaf 0.9806 244 122 346 219
Tomato leaf 0.9397 271 245 385 343
Tomato leaf 0.9373 192 61 296 138
Tomato leaf 0.9301 129 203 186 345
Tomato leaf 0.8318 99 172 141 287
Tomato leaf 0.0732 191 126 231 182
Tomato leaf 0.0719 257 201 328 265
Tomato leaf 0.0718 239 239 268 311
Tomato leaf 0.0544 49 31 135 109
Tomato leaf 0.0291 177 180 215 247
Tomato leaf 0.0218 56 24 154 147
Tomato leaf 0.0216 233 134 269 206
Tomato leaf 0.0201 91 115 148 294
Tomato leaf 0.0089 152 91 170 138
Tomato leaf 0.0086 191 189 213 235
Tomato leaf 0.0064 131 162 201 311
Tomato leaf 0.0048 189 135 218 175
Tomato leaf 0.0046 267 254 303 333
Tomato leaf 0.0046 266 227 317 261
Tomato leaf 0.0038 149 82 184 148
Tomato leaf 0.0034 247 248 266 290
Tomato leaf 0.0028 133 67 170 141
Tomato leaf 0.0021 98 178 172 350
Tomato leaf 0.0014 234 178 384 373
Tomato leaf 0.0014 163 66 202 140
Tomato leaf 0.0012 110 158 150 272
Tomato leaf 0.0012 216 126 235 169
Tomato leaf 0.0011 151 151 172 194
Tomato leaf 0.0011 256 203 293 238
Tomato leaf 0.0010 54 72 131 134
Tomato leaf 0.0010 270 128 325 206
