Cherry leaf 0.1720 45 213 123 379
Cherry leaf 0.1475 -1 312 48 407
Cherry leaf 0.0719 0 265 46 356
Cherry leaf 0.0623 42 335 76 415
Cherry leaf 0.0315 2 280 67 409
Cherry leaf 0.0142 -1 258 24 364
Cherry leaf 0.0095 -1 372 21 418
Cherry leaf 0.0087 4 362 72 415
Cherry leaf 0.0070 0 169 49 359
Cherry leaf 0.0064 -1 336 25 414
Cherry leaf 0.0054 0 223 45 309
Cherry leaf 0.0053 0 350 9 425
Cherry leaf 0.0044 -2 410 25 416
Cherry leaf 0.0037 0 212 21 317
Cherry leaf 0.0036 25 298 85 418
Cherry leaf 0.0033 -7 404 47 415
Cherry leaf 0.0023 21 268 138 415
Cherry leaf 0.0019 -4 390 45 416
Cherry leaf 0.0014 25 207 96 387
Cherry leaf 0.0013 39 340 106 416
Peach leaf 0.8972 264 106 414 309
Peach leaf 0.5877 42 131 107 241
Peach leaf 0.5489 220 280 268 382
Peach leaf 0.4661 101 307 166 414
Peach leaf 0.3272 237 0 364 105
Peach leaf 0.0758 69 336 109 417
Peach leaf 0.0679 361 0 395 47
Peach leaf 0.0505 405 36 416 98
Peach leaf 0.0485 336 188 377 270
Peach leaf 0.0335 397 12 416 128
Peach leaf 0.0230 48 220 118 431
Peach leaf 0.0217 396 142 416 289
Peach leaf 0.0202 259 390 427 415
Peach leaf 0.0201 206 0 265 22
Peach leaf 0.0194 364 0 410 27
Peach leaf 0.0173 201 198 271 325
Peach leaf 0.0142 7 0 104 45
Peach leaf 0.0140 48 203 123 335
Peach leaf 0.0140 115 46 183 165
Peach leaf 0.0139 333 174 386 350
Peach leaf 0.0129 269 143 348 312
Peach leaf 0.0125 151 43 188 128
Peach leaf 0.0123 57 297 115 417
Peach leaf 0.0119 277 100 412 201
Peach leaf 0.0109 406 -1 416 55
Peach leaf 0.0109 371 124 414 308
Peach leaf 0.0105 392 -1 415 40
Peach leaf 0.0097 113 59 155 148
Peach leaf 0.0094 92 52 147 212
Peach leaf 0.0090 241 -1 322 81
Peach leaf 0.0089 270 0 383 46
Peach leaf 0.0089 234 373 391 415
Peach leaf 0.0088 393 3 416 78
Peach leaf 0.0086 148 38 218 166
Peach leaf 0.0081 46 337 90 415
Peach leaf 0.0077 116 262 154 329
Peach leaf 0.0073 373 1 413 76
Peach leaf 0.0067 378 179 415 284
Peach leaf 0.0061 196 0 275 9
Peach leaf 0.0059 340 157 410 402
Peach leaf 0.0057 -1 184 42 282
Peach leaf 0.0057 398 203 416 386
Peach leaf 0.0054 38 140 111 361
Peach leaf 0.0053 220 219 275 302
Peach leaf 0.0052 6 1 155 92
Peach leaf 0.0051 397 40 416 94
Peach leaf 0.0051 237 -8 316 177
Peach leaf 0.0051 48 48 120 255
Peach leaf 0.0049 127 328 172 415
Peach leaf 0.0047 409 181 415 291
Peach leaf 0.0045 179 0 245 23
Peach leaf 0.0044 338 103 416 298
Peach leaf 0.0043 102 0 192 8
Peach leaf 0.0043 323 1 397 46
Peach leaf 0.0040 0 0 23 82
Peach leaf 0.0039 122 1 214 44
Peach leaf 0.0039 67 363 135 416
Peach leaf 0.0038 260 -2 412 139
Peach leaf 0.0038 99 61 141 149
Peach leaf 0.0038 6 0 137 24
Peach leaf 0.0036 10 0 219 53
Peach leaf 0.0034 83 312 121 410
Peach leaf 0.0034 0 -15 8 70
Peach leaf 0.0033 218 203 273 391
Peach leaf 0.0033 187 0 310 24
Peach leaf 0.0032 43 0 139 7
Peach leaf 0.0032 317 0 376 24
Peach leaf 0.0031 366 1 390 27
Peach leaf 0.0031 42 0 163 41
Peach leaf 0.0030 407 48 415 133
Peach leaf 0.0028 48 177 114 246
Peach leaf 0.0027 -1 160 22 274
Peach leaf 0.0026 175 0 248 8
Peach leaf 0.0026 0 187 9 250
Peach leaf 0.0026 411 0 416 38
Peach leaf 0.0024 0 407 8 416
Peach leaf 0.0024 202 0 295 42
Peach leaf 0.0024 364 0 394 4
Peach leaf 0.0024 283 406 395 416
Peach leaf 0.0024 104 0 177 22
Peach leaf 0.0024 411 46 416 88
Peach leaf 0.0023 114 268 182 423
Peach leaf 0.0023 369 -7 415 183
Peach leaf 0.0023 160 64 211 141
Peach leaf 0.0022 6 0 75 70
Peach leaf 0.0022 80 14 217 149
Peach leaf 0.0020 398 43 416 191
Peach leaf 0.0020 49 3 239 87
Peach leaf 0.0018 86 240 157 418
Peach leaf 0.0018 0 194 21 243
Peach leaf 0.0018 0 0 23 6
Peach leaf 0.0018 0 -3 18 145
Peach leaf 0.0018 118 45 178 103
Peach leaf 0.0018 358 0 417 9
Peach leaf 0.0018 338 -1 388 26
Peach leaf 0.0017 0 391 5 417
Peach leaf 0.0017 390 0 418 4
Peach leaf 0.0017 194 214 230 308
Peach leaf 0.0017 87 66 128 146
Peach leaf 0.0017 222 266 297 392
Peach leaf 0.0016 0 0 7 8
Peach leaf 0.0016 161 51 184 98
Peach leaf 0.0016 13 8 94 137
Peach leaf 0.0016 199 366 327 415
Peach leaf 0.0015 397 99 416 236
Peach leaf 0.0015 369 0 406 3
Peach leaf 0.0015 120 277 144 322
Peach leaf 0.0015 165 -4 333 97
Peach leaf 0.0015 305 0 389 8
Peach leaf 0.0014 389 125 414 436
Peach leaf 0.0014 0 0 37 108
Peach leaf 0.0014 249 0 373 24
Peach leaf 0.0014 367 200 415 421
Peach leaf 0.0014 342 220 378 336
Peach leaf 0.0014 203 -2 353 60
Peach leaf 0.0013 0 -4 21 44
Peach leaf 0.0013 0 133 49 302
Peach leaf 0.0013 190 202 240 387
Peach leaf 0.0013 357 15 396 94
Peach leaf 0.0012 382 0 408 38
Peach leaf 0.0012 -1 1 56 51
Peach leaf 0.0012 411 30 416 74
Peach leaf 0.0012 8 7 152 219
Peach leaf 0.0012 0 178 20 227
Peach leaf 0.0012 0 160 8 230
Peach leaf 0.0012 99 365 173 416
Peach leaf 0.0011 348 0 380 3
Peach leaf 0.0011 200 225 227 363
Peach leaf 0.0011 255 135 309 296
Peach leaf 0.0011 378 24 415 116
Peach leaf 0.0011 24 79 128 407
Peach leaf 0.0011 209 0 310 7
Peach leaf 0.0010 377 47 416 159
Peach leaf 0.0010 409 0 416 7
Peach leaf 0.0010 254 93 296 151
Peach leaf 0.0010 0 411 37 416
Peach leaf 0.0010 51 219 119 282
