Cherry leaf 0.9513 187 91 251 275
Cherry leaf 0.9347 109 99 183 231
Cherry leaf 0.9254 24 27 156 200
Cherry leaf 0.7280 152 294 223 416
Cherry leaf 0.6630 0 175 46 384
Cherry leaf 0.6412 227 247 277 374
Cherry leaf 0.3160 278 58 321 142
Cherry leaf 0.2747 95 247 210 414
Cherry leaf 0.1797 177 -3 254 44
Cherry leaf 0.1767 371 -1 415 57
Cherry leaf 0.1679 293 181 366 249
Cherry leaf 0.1374 127 254 207 337
Cherry leaf 0.1285 202 264 237 362
Cherry leaf 0.1207 321 208 376 354
Cherry leaf 0.0932 16 36 140 374
Cherry leaf 0.0913 0 49 23 158
Cherry leaf 0.0872 153 30 220 78
Cherry leaf 0.0738 261 119 307 190
Cherry leaf 0.0650 273 299 324 386
Cherry leaf 0.0517 339 243 414 381
Cherry leaf 0.0499 345 0 412 68
Cherry leaf 0.0471 27 97 118 270
Cherry leaf 0.0352 388 4 416 69
Cherry leaf 0.0321 142 -3 228 41
Cherry leaf 0.0319 296 297 356 413
Cherry leaf 0.0307 373 272 416 379
Cherry leaf 0.0257 273 183 314 251
Cherry leaf 0.0254 237 40 281 111
Cherry leaf 0.0244 393 269 416 387
Cherry leaf 0.0243 0 -1 78 50
Cherry leaf 0.0242 204 -2 286 43
Cherry leaf 0.0233 0 176 23 351
Cherry leaf 0.0218 93 268 153 417
Cherry leaf 0.0209 0 43 8 105
Cherry leaf 0.0197 185 0 238 27
Cherry leaf 0.0188 129 179 202 243
Cherry leaf 0.0180 -1 73 17 195
Cherry leaf 0.0152 393 28 415 116
Cherry leaf 0.0150 75 217 123 318
Cherry leaf 0.0120 19 140 97 316
Cherry leaf 0.0119 158 10 237 72
Cherry leaf 0.0118 396 92 416 244
Cherry leaf 0.0110 -1 24 19 122
Cherry leaf 0.0107 128 69 199 133
Cherry leaf 0.0102 375 0 415 26
Cherry leaf 0.0094 405 -4 416 59
Cherry leaf 0.0093 197 248 265 377
Cherry leaf 0.0092 296 135 358 198
Cherry leaf 0.0092 0 110 9 183
Cherry leaf 0.0089 -2 0 47 69
Cherry leaf 0.0089 110 170 187 232
Cherry leaf 0.0086 178 327 225 417
Cherry leaf 0.0084 391 -3 415 43
Cherry leaf 0.0083 406 40 416 108
Cherry leaf 0.0082 210 -4 251 49
Cherry leaf 0.0078 247 191 282 268
Cherry leaf 0.0074 129 0 229 9
Cherry leaf 0.0071 305 176 375 290
Cherry leaf 0.0071 142 259 264 420
Cherry leaf 0.0067 142 0 217 22
Cherry leaf 0.0065 4 0 137 40
Cherry leaf 0.0065 292 375 392 415
Cherry leaf 0.0063 252 371 337 413
Cherry leaf 0.0059 365 50 415 222
Cherry leaf 0.0058 309 231 385 423
Cherry leaf 0.0055 375 10 416 98
Cherry leaf 0.0055 255 190 302 266
Cherry leaf 0.0054 91 33 177 77
Cherry leaf 0.0052 332 42 421 200
Cherry leaf 0.0050 99 112 174 193
Cherry leaf 0.0050 -4 0 59 25
Cherry leaf 0.0050 240 116 285 188
Cherry leaf 0.0049 391 372 415 416
Cherry leaf 0.0049 291 393 356 415
Cherry leaf 0.0042 172 69 237 242
Cherry leaf 0.0041 297 -3 385 49
Cherry leaf 0.0039 333 369 416 414
Cherry leaf 0.0039 201 404 270 415
Cherry leaf 0.0039 397 36 416 172
Cherry leaf 0.0037 397 202 416 357
Cherry leaf 0.0036 209 0 278 9
Cherry leaf 0.0035 326 275 395 404
Cherry leaf 0.0034 391 40 415 80
Cherry leaf 0.0033 271 194 355 263
Cherry leaf 0.0033 126 60 200 215
Cherry leaf 0.0032 -1 3 22 74
Cherry leaf 0.0032 2 218 68 431
Cherry leaf 0.0030 366 169 417 392
Cherry leaf 0.0030 253 114 307 249
Cherry leaf 0.0030 91 -1 212 42
Cherry leaf 0.0030 391 339 416 413
Cherry leaf 0.0030 284 0 331 22
Cherry leaf 0.0030 0 172 38 296
Cherry leaf 0.0030 55 69 145 225
Cherry leaf 0.0030 376 361 415 416
Cherry leaf 0.0029 285 404 346 415
Cherry leaf 0.0029 58 203 123 385
Cherry leaf 0.0028 352 276 397 373
Cherry leaf 0.0028 0 5 10 65
Cherry leaf 0.0027 370 47 417 127
Cherry leaf 0.0027 3 364 75 415
Cherry leaf 0.0027 230 105 266 169
Cherry leaf 0.0027 284 192 375 335
Cherry leaf 0.0027 278 308 398 415
Cherry leaf 0.0026 342 47 412 98
Cherry leaf 0.0026 219 -1 335 42
Cherry leaf 0.0026 408 14 416 87
Cherry leaf 0.0025 175 41 251 102
Cherry leaf 0.0025 0 281 19 407
Cherry leaf 0.0025 -1 147 24 254
Cherry leaf 0.0024 209 136 248 267
Cherry leaf 0.0024 398 156 415 305
Cherry leaf 0.0024 0 343 7 432
Cherry leaf 0.0024 205 0 267 24
Cherry leaf 0.0024 196 3 262 67
Cherry leaf 0.0023 236 404 298 415
Cherry leaf 0.0023 408 191 415 279
Cherry leaf 0.0022 301 0 393 8
Cherry leaf 0.0022 405 365 415 423
Cherry leaf 0.0021 0 47 4 88
Cherry leaf 0.0021 280 0 351 9
Cherry leaf 0.0021 159 247 234 378
Cherry leaf 0.0021 346 -1 383 54
Cherry leaf 0.0020 213 369 312 415
Cherry leaf 0.0020 0 0 102 9
Cherry leaf 0.0019 159 248 212 320
Cherry leaf 0.0018 275 177 354 230
Cherry leaf 0.0017 -1 -2 22 41
Cherry leaf 0.0017 240 392 297 415
Cherry leaf 0.0017 355 0 405 37
Cherry leaf 0.0017 96 0 150 23
Cherry leaf 0.0017 254 390 370 414
Cherry leaf 0.0017 287 2 368 72
Cherry leaf 0.0016 390 0 417 6
Cherry leaf 0.0016 107 269 194 349
Cherry leaf 0.0016 271 210 319 284
Cherry leaf 0.0016 392 409 416 416
Cherry leaf 0.0016 231 172 288 395
Cherry leaf 0.0016 295 122 361 244
Cherry leaf 0.0015 0 177 22 228
Cherry leaf 0.0015 384 389 418 415
Cherry leaf 0.0015 410 392 416 416
Cherry leaf 0.0015 221 389 281 416
Cherry leaf 0.0015 412 48 416 86
Cherry leaf 0.0014 0 0 8 8
Cherry leaf 0.0014 153 0 207 35
Cherry leaf 0.0014 375 316 416 403
Cherry leaf 0.0014 83 404 148 415
Cherry leaf 0.0014 184 0 255 9
Cherry leaf 0.0014 0 388 4 419
Cherry leaf 0.0014 121 44 213 99
Cherry leaf 0.0014 407 162 416 243
Cherry leaf 0.0013 308 -2 414 99
Cherry leaf 0.0013 87 112 163 246
Cherry leaf 0.0013 276 52 339 182
Cherry leaf 0.0013 239 111 260 165
Cherry leaf 0.0013 60 0 154 9
Cherry leaf 0.0013 -1 27 39 120
Cherry leaf 0.0013 270 98 314 176
Cherry leaf 0.0013 204 91 288 249
Cherry leaf 0.0013 0 -1 5 24
Cherry leaf 0.0013 237 49 319 126
Cherry leaf 0.0012 -1 65 38 170
Cherry leaf 0.0012 0 136 9 204
Cherry leaf 0.0012 9 6 100 68
Cherry leaf 0.0012 302 404 376 415
Cherry leaf 0.0012 28 27 118 151
Cherry leaf 0.0012 0 126 19 184
Cherry leaf 0.0012 301 390 416 415
Cherry leaf 0.0012 208 14 249 96
Cherry leaf 0.0012 163 62 238 114
Cherry leaf 0.0011 71 -1 199 25
Cherry leaf 0.0011 351 13 399 93
Cherry leaf 0.0011 49 405 118 415
Cherry leaf 0.0011 127 97 181 180
Cherry leaf 0.0011 169 136 235 283
Cherry leaf 0.0011 228 108 300 170
Cherry leaf 0.0011 143 159 219 270
Cherry leaf 0.0011 286 64 367 141
Cherry leaf 0.0011 272 229 346 298
Cherry leaf 0.0011 293 332 332 413
Cherry leaf 0.0011 268 0 360 45
Cherry leaf 0.0011 146 333 191 413
Cherry leaf 0.0011 80 28 158 153
Cherry leaf 0.0011 372 0 419 10
Cherry leaf 0.0011 277 156 391 262
Cherry leaf 0.0011 186 259 242 423
Cherry leaf 0.0011 0 56 7 142
Cherry leaf 0.0010 407 316 415 392
Cherry leaf 0.0010 266 121 352 187
Cherry leaf 0.0010 144 -1 267 85
Cherry leaf 0.0010 370 80 415 315
Cherry leaf 0.0010 35 360 73 415
Cherry leaf 0.0010 262 390 320 415
Cherry leaf 0.0010 145 72 196 109
Cherry leaf 0.0010 31 3 181 98
Cherry leaf 0.0010 263 182 328 306
Strawberry leaf 0.0030 407 0 416 9
Strawberry leaf 0.0027 410 -1 416 24
Strawberry leaf 0.0020 408 406 416 417
Strawberry leaf 0.0012 409 262 416 352
