Blueberry leaf 0.0079 0 0 8 8
Corn leaf blight 0.0013 91 264 211 390
Peach leaf 0.8980 212 54 260 189
Peach leaf 0.8571 158 45 205 188
Peach leaf 0.6461 75 26 166 77
Peach leaf 0.6072 248 219 332 273
Peach leaf 0.5373 326 265 395 335
Peach leaf 0.5310 3 124 78 277
Peach leaf 0.4987 144 23 196 162
Peach leaf 0.2511 216 39 272 103
Peach leaf 0.1704 278 45 352 96
Peach leaf 0.1654 93 233 213 367
Peach leaf 0.1629 0 0 37 75
Peach leaf 0.1362 140 45 170 164
Peach leaf 0.1297 285 272 328 384
Peach leaf 0.1136 206 9 264 69
Peach leaf 0.1039 396 0 414 39
Peach leaf 0.1002 144 8 187 70
Peach leaf 0.0622 204 6 266 136
Peach leaf 0.0567 0 0 10 54
Peach leaf 0.0531 393 234 416 325
Peach leaf 0.0319 209 252 252 331
Peach leaf 0.0276 406 256 416 325
Peach leaf 0.0232 403 0 416 38
Peach leaf 0.0230 5 144 76 220
Peach leaf 0.0224 243 264 278 359
Peach leaf 0.0191 4 0 76 79
Peach leaf 0.0190 187 41 218 169
Peach leaf 0.0184 408 0 416 22
Peach leaf 0.0177 113 3 184 75
Peach leaf 0.0171 393 0 415 6
Peach leaf 0.0165 1 0 20 55
Peach leaf 0.0157 386 0 406 39
Peach leaf 0.0150 0 0 7 23
Peach leaf 0.0147 333 226 410 335
Peach leaf 0.0138 0 0 21 7
Peach leaf 0.0135 91 -2 176 55
Peach leaf 0.0125 0 13 24 94
Peach leaf 0.0122 218 231 314 288
Peach leaf 0.0115 209 2 279 49
Peach leaf 0.0109 -4 178 99 292
Peach leaf 0.0104 377 221 417 311
Peach leaf 0.0100 408 0 416 71
Peach leaf 0.0092 373 21 415 91
Peach leaf 0.0084 195 42 229 134
Peach leaf 0.0081 278 52 340 80
Peach leaf 0.0081 383 0 408 4
Peach leaf 0.0079 0 46 10 103
Peach leaf 0.0076 0 0 4 37
Peach leaf 0.0076 408 314 415 397
Peach leaf 0.0075 410 3 416 33
Peach leaf 0.0074 407 0 416 8
Peach leaf 0.0074 2 193 76 272
Peach leaf 0.0073 393 0 415 76
Peach leaf 0.0070 364 50 414 193
Peach leaf 0.0066 406 233 416 301
Peach leaf 0.0062 244 47 282 121
Peach leaf 0.0061 88 0 172 106
Peach leaf 0.0059 13 -2 94 50
Peach leaf 0.0054 399 0 412 24
Peach leaf 0.0054 0 16 9 85
Peach leaf 0.0053 240 299 285 387
Peach leaf 0.0051 0 85 57 253
Peach leaf 0.0049 40 -1 195 63
Peach leaf 0.0047 397 247 415 371
Peach leaf 0.0043 196 0 276 8
Peach leaf 0.0042 169 0 239 23
Peach leaf 0.0041 133 14 179 89
Peach leaf 0.0039 189 39 247 176
Peach leaf 0.0038 138 0 205 23
Peach leaf 0.0036 407 28 416 88
Peach leaf 0.0036 378 327 412 390
Peach leaf 0.0036 0 48 20 85
Peach leaf 0.0034 396 20 416 119
Peach leaf 0.0033 181 0 258 43
Peach leaf 0.0032 396 72 416 196
Peach leaf 0.0032 357 0 416 8
Peach leaf 0.0031 124 -4 185 149
Peach leaf 0.0030 309 69 408 237
Peach leaf 0.0029 -5 0 93 8
Peach leaf 0.0029 0 0 12 26
Peach leaf 0.0028 375 1 414 52
Peach leaf 0.0028 202 49 231 191
Peach leaf 0.0027 211 246 278 315
Peach leaf 0.0026 239 0 316 45
Peach leaf 0.0026 396 303 416 388
Peach leaf 0.0026 304 301 345 386
Peach leaf 0.0025 347 0 412 22
Peach leaf 0.0025 132 2 198 50
Peach leaf 0.0025 311 118 405 186
Peach leaf 0.0023 318 0 394 8
Peach leaf 0.0023 60 -1 152 48
Peach leaf 0.0023 75 0 156 8
Peach leaf 0.0022 395 253 417 298
Peach leaf 0.0022 289 260 327 337
Peach leaf 0.0022 139 39 190 102
Peach leaf 0.0022 0 126 20 273
Peach leaf 0.0022 218 213 307 350
Peach leaf 0.0022 102 0 192 8
Peach leaf 0.0021 241 269 311 386
Peach leaf 0.0020 180 79 214 193
Peach leaf 0.0020 386 0 416 25
Peach leaf 0.0019 190 1 264 21
Peach leaf 0.0019 147 106 187 196
Peach leaf 0.0019 380 249 416 338
Peach leaf 0.0018 3 0 34 4
Peach leaf 0.0018 394 46 416 87
Peach leaf 0.0018 0 57 18 182
Peach leaf 0.0018 274 210 341 264
Peach leaf 0.0018 0 105 97 365
Peach leaf 0.0017 383 0 422 10
Peach leaf 0.0017 168 60 222 203
Peach leaf 0.0017 214 254 281 371
Peach leaf 0.0016 211 125 257 200
Peach leaf 0.0016 130 61 179 205
Peach leaf 0.0016 5 0 105 25
Peach leaf 0.0016 0 30 39 107
Peach leaf 0.0016 135 0 209 9
Peach leaf 0.0015 3 0 19 21
Peach leaf 0.0015 53 0 131 20
Peach leaf 0.0015 412 6 415 48
Peach leaf 0.0015 408 276 416 352
Peach leaf 0.0014 105 245 203 313
Peach leaf 0.0014 0 59 21 107
Peach leaf 0.0014 334 296 394 334
Peach leaf 0.0013 412 20 415 67
Peach leaf 0.0013 373 48 416 126
Peach leaf 0.0013 227 0 355 7
Peach leaf 0.0013 191 36 220 109
Peach leaf 0.0013 -5 0 32 10
Peach leaf 0.0013 309 1 352 35
Peach leaf 0.0013 0 196 6 291
Peach leaf 0.0012 274 0 349 46
Peach leaf 0.0012 74 0 276 83
Peach leaf 0.0012 265 227 328 371
Peach leaf 0.0012 0 48 4 87
Peach leaf 0.0012 195 8 259 31
Peach leaf 0.0012 80 0 191 24
Peach leaf 0.0012 187 41 249 104
Peach leaf 0.0012 305 272 323 329
Peach leaf 0.0012 0 6 3 63
Peach leaf 0.0012 50 6 129 73
Peach leaf 0.0012 397 160 416 302
Peach leaf 0.0011 222 5 292 136
Peach leaf 0.0011 408 45 416 119
Peach leaf 0.0011 368 154 415 343
Peach leaf 0.0011 395 23 415 64
Peach leaf 0.0011 341 -1 412 46
Peach leaf 0.0010 412 37 416 81
Peach leaf 0.0010 0 52 7 147
Peach leaf 0.0010 202 1 343 94
Peach leaf 0.0010 -1 164 58 331
Peach leaf 0.0010 249 235 317 267
Peach leaf 0.0010 223 209 311 259
Peach leaf 0.0010 52 2 92 77
