Corn leaf blight 0.0018 407 39 416 95
Peach leaf 0.9435 141 75 251 157
Peach leaf 0.9263 254 148 364 227
Peach leaf 0.9204 299 241 365 414
Peach leaf 0.8329 204 236 231 385
Peach leaf 0.7781 266 237 295 416
Peach leaf 0.7313 25 98 79 180
Peach leaf 0.6427 343 109 415 163
Peach leaf 0.4854 77 204 107 323
Peach leaf 0.4804 132 11 168 91
Peach leaf 0.4039 354 139 391 233
Peach leaf 0.4021 237 225 263 395
Peach leaf 0.2647 89 129 111 298
Peach leaf 0.2064 173 138 257 200
Peach leaf 0.1848 85 20 125 94
Peach leaf 0.1777 155 207 210 325
Peach leaf 0.1747 210 141 261 218
Peach leaf 0.1651 248 86 306 145
Peach leaf 0.1598 0 41 18 167
Peach leaf 0.1528 152 220 185 336
Peach leaf 0.1487 134 146 165 282
Peach leaf 0.1162 74 85 111 183
Peach leaf 0.1136 51 19 121 92
Peach leaf 0.1072 178 179 255 225
Peach leaf 0.1045 221 233 243 389
Peach leaf 0.1043 120 143 154 256
Peach leaf 0.0809 74 119 108 317
Peach leaf 0.0809 118 210 148 313
Peach leaf 0.0778 107 191 137 303
Peach leaf 0.0656 151 106 241 164
Peach leaf 0.0649 228 272 259 412
Peach leaf 0.0627 37 31 74 103
Peach leaf 0.0623 246 235 271 356
Peach leaf 0.0548 85 0 128 24
Peach leaf 0.0511 77 97 106 235
Peach leaf 0.0460 21 33 64 106
Peach leaf 0.0427 113 140 157 318
Peach leaf 0.0373 155 152 217 174
Peach leaf 0.0294 21 2 129 103
Peach leaf 0.0289 153 130 244 177
Peach leaf 0.0278 0 42 10 109
Peach leaf 0.0268 79 72 121 139
Peach leaf 0.0250 309 93 374 146
Peach leaf 0.0233 269 226 312 399
Peach leaf 0.0226 264 229 290 333
Peach leaf 0.0222 220 333 253 413
Peach leaf 0.0220 366 114 416 183
Peach leaf 0.0197 193 192 260 236
Peach leaf 0.0191 144 130 198 163
Peach leaf 0.0191 23 26 86 90
Peach leaf 0.0190 228 56 266 123
Peach leaf 0.0187 328 246 379 411
Peach leaf 0.0184 263 325 291 417
Peach leaf 0.0182 284 227 346 372
Peach leaf 0.0181 344 104 410 237
Peach leaf 0.0174 156 0 203 21
Peach leaf 0.0171 372 231 418 254
Peach leaf 0.0171 0 0 21 24
Peach leaf 0.0168 104 29 129 106
Peach leaf 0.0167 308 212 373 358
Peach leaf 0.0163 153 270 184 344
Peach leaf 0.0161 313 221 364 248
Peach leaf 0.0161 211 222 247 308
Peach leaf 0.0157 267 353 285 424
Peach leaf 0.0156 -1 3 20 111
Peach leaf 0.0155 0 6 9 64
Peach leaf 0.0153 2 0 21 8
Peach leaf 0.0153 240 103 280 143
Peach leaf 0.0151 26 83 107 195
Peach leaf 0.0150 110 143 135 255
Peach leaf 0.0146 171 5 189 48
Peach leaf 0.0146 163 243 199 342
Peach leaf 0.0140 125 26 154 111
Peach leaf 0.0126 176 200 254 261
Peach leaf 0.0125 145 145 262 258
Peach leaf 0.0124 0 51 38 155
Peach leaf 0.0122 242 146 322 194
Peach leaf 0.0121 151 145 223 188
Peach leaf 0.0121 209 319 226 377
Peach leaf 0.0118 172 81 252 222
Peach leaf 0.0117 262 185 307 222
Peach leaf 0.0113 123 0 158 82
Peach leaf 0.0110 177 216 218 310
Peach leaf 0.0105 28 0 75 26
Peach leaf 0.0099 161 191 245 238
Peach leaf 0.0098 117 131 150 210
Peach leaf 0.0093 324 156 364 238
Peach leaf 0.0093 213 239 252 416
Peach leaf 0.0092 120 250 143 300
Peach leaf 0.0092 157 139 316 224
Peach leaf 0.0091 254 96 296 135
Peach leaf 0.0090 128 0 182 20
Peach leaf 0.0090 157 0 185 5
Peach leaf 0.0089 410 0 416 23
Peach leaf 0.0089 140 203 166 322
Peach leaf 0.0088 392 0 416 6
Peach leaf 0.0087 411 3 415 35
Peach leaf 0.0087 166 208 230 355
Peach leaf 0.0087 0 51 8 148
Peach leaf 0.0086 0 0 8 9
Peach leaf 0.0086 346 139 409 198
Peach leaf 0.0086 193 204 239 361
Peach leaf 0.0083 115 0 180 8
Peach leaf 0.0082 31 15 116 69
Peach leaf 0.0082 0 0 6 25
Peach leaf 0.0080 173 195 234 224
Peach leaf 0.0080 358 0 386 5
Peach leaf 0.0079 344 130 382 212
Peach leaf 0.0079 285 0 328 22
Peach leaf 0.0078 37 0 97 23
Peach leaf 0.0076 242 75 285 139
Peach leaf 0.0075 80 62 99 104
Peach leaf 0.0074 371 141 413 226
Peach leaf 0.0074 119 246 149 340
Peach leaf 0.0070 254 224 275 427
Peach leaf 0.0070 153 0 206 9
Peach leaf 0.0069 283 226 316 300
Peach leaf 0.0066 145 171 193 329
Peach leaf 0.0066 342 138 417 159
Peach leaf 0.0065 66 7 114 76
Peach leaf 0.0065 406 -2 415 40
Peach leaf 0.0065 353 0 406 8
Peach leaf 0.0063 392 0 415 36
Peach leaf 0.0062 135 73 211 138
Peach leaf 0.0060 0 409 23 416
Peach leaf 0.0059 0 48 19 103
Peach leaf 0.0059 208 116 256 192
Peach leaf 0.0058 0 29 37 114
Peach leaf 0.0058 358 176 388 247
Peach leaf 0.0057 130 148 175 345
Peach leaf 0.0055 270 0 295 39
Peach leaf 0.0055 98 139 141 322
Peach leaf 0.0054 374 0 417 24
Peach leaf 0.0054 356 0 402 23
Peach leaf 0.0053 333 98 378 132
Peach leaf 0.0052 321 265 365 390
Peach leaf 0.0052 266 190 328 235
Peach leaf 0.0051 0 373 22 416
Peach leaf 0.0051 7 0 31 6
Peach leaf 0.0050 8 29 70 179
Peach leaf 0.0050 139 0 172 4
Peach leaf 0.0049 260 0 305 23
Peach leaf 0.0049 0 0 3 39
Peach leaf 0.0049 144 3 182 75
Peach leaf 0.0048 15 0 58 26
Peach leaf 0.0048 5 410 33 416
Peach leaf 0.0047 50 1 121 45
Peach leaf 0.0047 212 209 259 243
Peach leaf 0.0047 357 114 417 148
Peach leaf 0.0046 162 4 181 50
Peach leaf 0.0045 0 3 20 52
Peach leaf 0.0045 2 0 39 52
Peach leaf 0.0045 130 26 150 74
Peach leaf 0.0045 175 149 231 177
Peach leaf 0.0044 294 186 360 241
Peach leaf 0.0044 77 23 124 152
Peach leaf 0.0044 201 314 230 403
Peach leaf 0.0043 377 241 415 318
Peach leaf 0.0043 144 27 167 77
Peach leaf 0.0043 97 0 149 21
Peach leaf 0.0043 82 0 133 10
Peach leaf 0.0043 150 0 185 50
Peach leaf 0.0042 383 0 410 5
Peach leaf 0.0041 395 239 416 350
Peach leaf 0.0041 146 187 259 292
Peach leaf 0.0040 129 -1 170 53
Peach leaf 0.0040 206 410 233 416
Peach leaf 0.0039 73 47 110 128
Peach leaf 0.0039 20 36 66 68
Peach leaf 0.0038 315 90 362 123
Peach leaf 0.0038 79 166 116 351
Peach leaf 0.0038 11 0 26 22
Peach leaf 0.0038 407 100 416 161
Peach leaf 0.0037 292 6 324 67
Peach leaf 0.0037 346 174 378 250
Peach leaf 0.0036 142 67 230 117
Peach leaf 0.0036 367 0 389 38
Peach leaf 0.0036 371 0 404 4
Peach leaf 0.0036 117 126 251 224
Peach leaf 0.0036 264 104 287 140
Peach leaf 0.0035 244 95 284 170
Peach leaf 0.0035 127 6 172 133
Peach leaf 0.0034 99 3 133 80
Peach leaf 0.0034 408 0 415 9
Peach leaf 0.0034 154 142 206 170
Peach leaf 0.0034 0 85 7 177
Peach leaf 0.0034 169 0 205 4
Peach leaf 0.0034 341 105 378 160
Peach leaf 0.0033 119 410 144 416
Peach leaf 0.0033 -4 405 45 415
Peach leaf 0.0033 122 88 152 153
Peach leaf 0.0033 263 3 298 68
Peach leaf 0.0032 301 0 330 5
Peach leaf 0.0032 168 0 191 23
Peach leaf 0.0032 291 146 362 278
Peach leaf 0.0032 135 410 160 416
Peach leaf 0.0032 90 0 124 4
Peach leaf 0.0031 128 410 151 416
Peach leaf 0.0031 349 0 378 4
Peach leaf 0.0031 366 2 408 35
Peach leaf 0.0031 21 6 61 73
Peach leaf 0.0031 199 218 236 311
Peach leaf 0.0031 0 12 3 59
Peach leaf 0.0031 0 25 21 76
Peach leaf 0.0030 392 39 416 77
Peach leaf 0.0030 234 80 268 155
Peach leaf 0.0030 189 410 218 416
Peach leaf 0.0030 111 410 136 416
Peach leaf 0.0030 158 2 200 36
Peach leaf 0.0029 309 234 373 294
Peach leaf 0.0029 20 104 87 263
Peach leaf 0.0029 78 74 119 265
Peach leaf 0.0029 184 163 223 195
Peach leaf 0.0028 288 233 329 322
Peach leaf 0.0028 203 264 221 336
Peach leaf 0.0028 391 101 416 168
Peach leaf 0.0027 108 0 139 5
Peach leaf 0.0027 325 100 367 163
Peach leaf 0.0027 19 130 63 199
Peach leaf 0.0027 0 339 39 413
Peach leaf 0.0026 0 164 21 209
Peach leaf 0.0026 90 106 110 156
Peach leaf 0.0025 95 0 152 9
Peach leaf 0.0025 0 351 7 423
Peach leaf 0.0025 41 0 110 9
Peach leaf 0.0025 259 92 302 171
Peach leaf 0.0024 108 227 142 326
Peach leaf 0.0024 0 389 5 419
Peach leaf 0.0024 49 119 99 343
Peach leaf 0.0024 393 124 417 211
Peach leaf 0.0024 288 0 343 9
Peach leaf 0.0024 412 10 415 45
Peach leaf 0.0024 148 182 184 285
Peach leaf 0.0024 0 82 16 215
Peach leaf 0.0023 408 238 415 311
Peach leaf 0.0023 254 85 299 116
Peach leaf 0.0023 137 77 274 345
Peach leaf 0.0023 0 147 9 212
Peach leaf 0.0023 394 209 416 243
Peach leaf 0.0023 0 251 8 315
Peach leaf 0.0023 397 275 416 411
Peach leaf 0.0022 163 0 180 19
Peach leaf 0.0022 94 102 118 145
Peach leaf 0.0022 63 86 119 153
Peach leaf 0.0022 307 250 353 373
Peach leaf 0.0022 0 390 40 416
Peach leaf 0.0022 188 247 221 373
Peach leaf 0.0022 342 411 369 416
Peach leaf 0.0021 0 405 7 416
Peach leaf 0.0021 318 104 360 141
Peach leaf 0.0021 407 277 416 336
Peach leaf 0.0021 8 53 70 117
Peach leaf 0.0021 48 41 69 92
Peach leaf 0.0021 293 224 365 273
Peach leaf 0.0021 250 335 283 413
Peach leaf 0.0021 220 411 251 416
Peach leaf 0.0021 284 0 315 4
Peach leaf 0.0021 361 244 381 290
Peach leaf 0.0021 247 98 273 135
Peach leaf 0.0021 225 360 265 414
Peach leaf 0.0020 115 149 133 210
Peach leaf 0.0020 411 36 415 68
Peach leaf 0.0020 179 225 227 426
Peach leaf 0.0020 158 161 200 195
Peach leaf 0.0020 278 3 315 69
Peach leaf 0.0019 285 146 338 223
Peach leaf 0.0019 21 0 90 43
Peach leaf 0.0019 411 53 415 83
Peach leaf 0.0019 77 180 93 241
Peach leaf 0.0019 325 411 354 416
Peach leaf 0.0019 20 411 50 416
Peach leaf 0.0019 120 0 158 4
Peach leaf 0.0019 245 0 307 8
Peach leaf 0.0018 373 212 417 242
Peach leaf 0.0018 270 411 296 416
Peach leaf 0.0018 392 285 416 329
Peach leaf 0.0018 0 186 8 252
Peach leaf 0.0018 263 213 296 287
Peach leaf 0.0018 294 211 363 253
Peach leaf 0.0018 220 390 268 416
Peach leaf 0.0018 80 236 101 299
Peach leaf 0.0018 155 1 173 18
Peach leaf 0.0017 325 125 402 174
Peach leaf 0.0017 268 96 311 135
Peach leaf 0.0017 326 231 384 254
Peach leaf 0.0017 277 0 321 36
Peach leaf 0.0017 164 212 232 284
Peach leaf 0.0017 127 105 150 143
Peach leaf 0.0017 364 223 413 249
Peach leaf 0.0016 16 60 60 148
Peach leaf 0.0016 0 143 21 256
Peach leaf 0.0016 14 0 42 4
Peach leaf 0.0016 0 -1 11 28
Peach leaf 0.0016 229 132 302 176
Peach leaf 0.0016 202 405 254 415
Peach leaf 0.0015 124 24 140 77
Peach leaf 0.0015 266 0 301 4
Peach leaf 0.0015 84 177 99 245
Peach leaf 0.0015 316 0 347 4
Peach leaf 0.0015 99 87 137 153
Peach leaf 0.0015 212 335 227 390
Peach leaf 0.0015 276 411 307 416
Peach leaf 0.0015 197 132 257 259
Peach leaf 0.0015 83 250 112 331
Peach leaf 0.0015 20 0 83 9
Peach leaf 0.0015 17 0 39 38
Peach leaf 0.0015 192 0 302 47
Peach leaf 0.0015 408 223 416 279
Peach leaf 0.0015 120 158 141 217
Peach leaf 0.0015 345 113 368 149
Peach leaf 0.0015 160 133 214 161
Peach leaf 0.0014 383 0 422 10
Peach leaf 0.0014 411 223 416 249
Peach leaf 0.0014 360 -1 395 51
Peach leaf 0.0014 31 22 110 154
Peach leaf 0.0014 132 66 173 145
Peach leaf 0.0014 6 0 28 37
Peach leaf 0.0014 105 202 128 251
Peach leaf 0.0014 86 -2 121 51
Peach leaf 0.0014 129 390 148 416
Peach leaf 0.0014 346 270 373 415
Peach leaf 0.0014 275 232 291 304
Peach leaf 0.0013 391 228 415 256
Peach leaf 0.0013 408 4 416 66
Peach leaf 0.0013 0 25 3 77
Peach leaf 0.0013 411 230 416 257
Peach leaf 0.0013 406 31 416 85
Peach leaf 0.0013 91 148 107 228
Peach leaf 0.0013 92 389 138 415
Peach leaf 0.0013 408 119 415 189
Peach leaf 0.0013 32 0 56 37
Peach leaf 0.0013 388 1 406 20
Peach leaf 0.0013 395 0 415 20
Peach leaf 0.0013 160 196 203 273
Peach leaf 0.0013 122 112 143 149
Peach leaf 0.0013 326 0 386 8
Peach leaf 0.0012 362 0 384 23
Peach leaf 0.0012 297 -1 348 22
Peach leaf 0.0012 223 164 263 229
Peach leaf 0.0012 104 111 126 151
Peach leaf 0.0012 129 132 165 207
Peach leaf 0.0012 122 111 171 263
Peach leaf 0.0012 180 405 229 415
Peach leaf 0.0012 11 0 70 114
Peach leaf 0.0012 408 49 415 116
Peach leaf 0.0012 0 215 9 272
Peach leaf 0.0012 202 0 269 21
Peach leaf 0.0012 153 281 174 333
Peach leaf 0.0012 208 186 260 221
Peach leaf 0.0012 394 245 415 290
Peach leaf 0.0012 82 0 156 42
Peach leaf 0.0011 85 82 127 117
Peach leaf 0.0011 412 103 416 143
Peach leaf 0.0011 173 77 227 151
Peach leaf 0.0011 203 0 284 7
Peach leaf 0.0011 121 390 141 416
Peach leaf 0.0011 0 297 7 365
Peach leaf 0.0011 320 201 363 261
Peach leaf 0.0011 268 229 283 306
Peach leaf 0.0011 172 0 235 23
Peach leaf 0.0011 297 1 318 20
Peach leaf 0.0011 72 96 112 135
Peach leaf 0.0011 148 411 179 416
Peach leaf 0.0011 204 315 222 367
Peach leaf 0.0011 110 200 133 240
Peach leaf 0.0010 0 214 22 254
Peach leaf 0.0010 406 179 416 243
Peach leaf 0.0010 9 168 27 207
Peach leaf 0.0010 272 405 328 416
Peach leaf 0.0010 332 0 364 4
Peach leaf 0.0010 289 240 311 295
Peach leaf 0.0010 -4 -1 30 11
Peach leaf 0.0010 213 63 253 143
Peach leaf 0.0010 75 101 93 163
Peach leaf 0.0010 135 20 159 70
Peach leaf 0.0010 40 0 79 3
Peach leaf 0.0010 51 3 102 33
Peach leaf 0.0010 166 5 201 66
Peach leaf 0.0010 370 173 386 233
Peach leaf 0.0010 273 92 354 147
Peach leaf 0.0010 204 194 252 339
Peach leaf 0.0010 296 8 319 48
Peach leaf 0.0010 212 79 280 223
Peach leaf 0.0010 412 289 415 326
Peach leaf 0.0010 63 0 103 3
Peach leaf 0.0010 155 0 244 45
Peach leaf 0.0010 172 0 216 36
Peach leaf 0.0010 125 0 209 26
