Tomato leaf 0.9618 276 6 390 114
Tomato leaf 0.9606 20 245 135 344
Tomato leaf 0.9594 103 107 229 204
Tomato leaf 0.9332 294 148 369 303
Tomato leaf 0.9058 131 251 235 346
Tomato leaf 0.8941 51 10 132 161
Tomato leaf 0.5285 178 32 287 132
Tomato leaf 0.3131 247 275 345 369
Tomato leaf 0.1531 33 59 114 205
Tomato leaf 0.1521 77 211 153 262
Tomato leaf 0.1009 355 254 397 331
Tomato leaf 0.0383 314 303 382 357
Tomato leaf 0.0300 131 221 205 272
Tomato leaf 0.0286 203 85 280 160
Tomato leaf 0.0116 170 39 268 99
Tomato leaf 0.0087 39 4 177 215
Tomato leaf 0.0083 217 89 330 187
Tomato leaf 0.0071 152 42 280 175
Tomato leaf 0.0046 256 112 339 161
Tomato leaf 0.0040 37 65 76 171
Tomato leaf 0.0037 319 254 395 361
Tomato leaf 0.0035 28 0 126 269
Tomato leaf 0.0030 319 312 365 351
Tomato leaf 0.0028 81 200 212 278
Tomato leaf 0.0022 280 95 383 329
Tomato leaf 0.0019 30 135 109 203
Tomato leaf 0.0011 379 0 416 78
Tomato leaf 0.0011 177 45 243 76
Tomato leaf 0.0010 371 255 408 333
Tomato leaf 0.0010 27 27 84 183
Tomato leaf 0.0010 340 0 420 22
grape leaf 0.0021 0 410 25 415
