Cherry leaf 0.9373 194 100 307 258
Cherry leaf 0.8987 145 157 231 339
Cherry leaf 0.8169 114 11 192 165
Cherry leaf 0.6672 19 335 138 415
Cherry leaf 0.5436 337 305 405 359
Cherry leaf 0.5131 3 83 117 164
Cherry leaf 0.4706 331 -1 414 175
Cherry leaf 0.2256 265 0 330 106
Cherry leaf 0.1603 277 245 324 306
Cherry leaf 0.1571 199 300 267 356
Cherry leaf 0.1524 99 0 199 99
Cherry leaf 0.1337 262 0 300 80
Cherry leaf 0.1320 307 285 386 332
Cherry leaf 0.1262 201 304 268 412
Cherry leaf 0.1107 54 192 152 298
Cherry leaf 0.0826 186 0 252 108
Cherry leaf 0.0702 89 -2 185 55
Cherry leaf 0.0687 229 -2 267 51
Cherry leaf 0.0680 305 318 344 344
Cherry leaf 0.0608 274 149 341 211
Cherry leaf 0.0603 213 347 276 411
Cherry leaf 0.0340 275 305 310 356
Cherry leaf 0.0326 174 305 214 378
Cherry leaf 0.0300 218 145 303 273
Cherry leaf 0.0298 104 342 144 415
Cherry leaf 0.0288 116 140 178 203
Cherry leaf 0.0281 306 301 387 353
Cherry leaf 0.0272 94 301 148 352
Cherry leaf 0.0262 375 93 417 181
Cherry leaf 0.0259 247 11 286 102
Cherry leaf 0.0254 51 126 120 269
Cherry leaf 0.0199 147 286 270 408
Cherry leaf 0.0197 288 1 336 83
Cherry leaf 0.0196 334 188 416 306
Cherry leaf 0.0178 51 225 126 298
Cherry leaf 0.0165 3 86 143 330
Cherry leaf 0.0137 40 159 110 304
Cherry leaf 0.0131 91 0 142 75
Cherry leaf 0.0119 195 -2 270 45
Cherry leaf 0.0113 356 310 401 350
Cherry leaf 0.0099 50 200 130 269
Cherry leaf 0.0097 394 0 416 26
Cherry leaf 0.0097 397 301 416 387
Cherry leaf 0.0097 274 0 397 97
Cherry leaf 0.0097 174 308 267 376
Cherry leaf 0.0094 230 0 272 24
Cherry leaf 0.0094 0 -2 107 105
Cherry leaf 0.0094 261 -2 332 50
Cherry leaf 0.0088 258 137 339 260
Cherry leaf 0.0087 161 392 246 415
Cherry leaf 0.0084 409 0 416 23
Cherry leaf 0.0083 331 1 417 78
Cherry leaf 0.0079 407 300 416 361
Cherry leaf 0.0079 397 -6 416 117
Cherry leaf 0.0078 405 -1 416 56
Cherry leaf 0.0076 152 219 217 400
Cherry leaf 0.0072 334 197 375 263
Cherry leaf 0.0067 0 123 82 310
Cherry leaf 0.0064 40 100 126 168
Cherry leaf 0.0062 136 40 198 188
Cherry leaf 0.0062 292 -1 364 47
Cherry leaf 0.0060 258 23 294 114
Cherry leaf 0.0059 224 0 278 9
Cherry leaf 0.0058 37 319 248 414
Cherry leaf 0.0057 95 -6 202 222
Cherry leaf 0.0056 145 79 192 162
Cherry leaf 0.0056 396 1 415 54
Cherry leaf 0.0056 398 26 417 184
Cherry leaf 0.0053 169 -3 309 90
Cherry leaf 0.0051 14 200 137 323
Cherry leaf 0.0050 366 60 416 206
Cherry leaf 0.0050 376 309 399 349
Cherry leaf 0.0050 123 167 239 424
Cherry leaf 0.0050 276 201 346 256
Cherry leaf 0.0049 394 181 416 223
Cherry leaf 0.0049 271 307 349 352
Cherry leaf 0.0048 375 300 412 358
Cherry leaf 0.0048 394 301 416 346
Cherry leaf 0.0047 123 374 247 416
Cherry leaf 0.0047 132 320 166 401
Cherry leaf 0.0044 279 -2 406 223
Cherry leaf 0.0043 286 0 344 24
Cherry leaf 0.0043 327 190 391 246
Cherry leaf 0.0042 84 236 153 295
Cherry leaf 0.0041 228 -1 297 74
Cherry leaf 0.0041 332 288 412 343
Cherry leaf 0.0040 104 300 163 418
Cherry leaf 0.0039 54 138 122 200
Cherry leaf 0.0039 306 286 414 378
Cherry leaf 0.0039 1 127 110 418
Cherry leaf 0.0038 263 -1 304 26
Cherry leaf 0.0038 72 202 155 261
Cherry leaf 0.0036 390 0 417 6
Cherry leaf 0.0035 45 -2 187 149
Cherry leaf 0.0035 0 131 51 363
Cherry leaf 0.0035 195 95 272 217
Cherry leaf 0.0034 148 52 276 376
Cherry leaf 0.0034 293 -3 360 111
Cherry leaf 0.0033 211 -3 281 113
Cherry leaf 0.0033 217 366 306 416
Cherry leaf 0.0033 108 241 154 311
Cherry leaf 0.0032 404 -3 416 28
Cherry leaf 0.0029 226 7 267 100
Cherry leaf 0.0028 180 99 219 174
Cherry leaf 0.0027 339 90 415 243
Cherry leaf 0.0027 239 11 291 156
Cherry leaf 0.0026 361 -11 418 131
Cherry leaf 0.0026 87 -2 156 114
Cherry leaf 0.0026 172 344 265 413
Cherry leaf 0.0026 289 138 360 199
Cherry leaf 0.0026 370 200 416 296
Cherry leaf 0.0026 285 0 361 9
Cherry leaf 0.0025 109 365 135 411
Cherry leaf 0.0025 396 160 416 271
Cherry leaf 0.0025 284 275 380 319
Cherry leaf 0.0025 148 0 255 43
Cherry leaf 0.0024 284 252 372 306
Cherry leaf 0.0024 246 -1 291 25
Cherry leaf 0.0024 63 193 140 246
Cherry leaf 0.0024 185 155 241 339
Cherry leaf 0.0024 90 232 151 353
Cherry leaf 0.0022 277 256 409 357
Cherry leaf 0.0022 268 221 327 334
Cherry leaf 0.0021 97 0 204 26
Cherry leaf 0.0021 135 309 202 380
Cherry leaf 0.0021 358 -1 417 53
Cherry leaf 0.0021 181 12 219 100
Cherry leaf 0.0021 363 117 416 315
Cherry leaf 0.0020 275 211 412 326
Cherry leaf 0.0020 0 272 19 417
Cherry leaf 0.0020 267 314 323 363
Cherry leaf 0.0020 248 0 303 10
Cherry leaf 0.0020 125 48 175 153
Cherry leaf 0.0019 336 320 381 356
Cherry leaf 0.0019 146 3 213 170
Cherry leaf 0.0018 217 302 311 351
Cherry leaf 0.0018 112 389 226 415
Cherry leaf 0.0018 310 215 377 279
Cherry leaf 0.0018 168 279 225 405
Cherry leaf 0.0018 259 1 276 52
Cherry leaf 0.0017 72 288 220 401
Cherry leaf 0.0017 154 404 253 416
Cherry leaf 0.0016 405 173 416 231
Cherry leaf 0.0016 155 0 219 9
Cherry leaf 0.0016 183 94 251 268
Cherry leaf 0.0016 233 0 269 4
Cherry leaf 0.0016 381 0 424 10
Cherry leaf 0.0015 290 188 362 249
Cherry leaf 0.0015 252 1 307 137
Cherry leaf 0.0015 320 -1 401 48
Cherry leaf 0.0015 177 0 231 22
Cherry leaf 0.0015 395 268 416 358
Cherry leaf 0.0014 274 262 344 319
Cherry leaf 0.0014 276 155 346 306
Cherry leaf 0.0014 45 204 95 296
Cherry leaf 0.0014 148 29 190 148
Cherry leaf 0.0014 328 273 418 319
Cherry leaf 0.0014 310 39 413 370
Cherry leaf 0.0014 56 359 148 417
Cherry leaf 0.0014 37 -1 140 49
Cherry leaf 0.0014 213 73 381 285
Cherry leaf 0.0013 204 98 284 171
Cherry leaf 0.0013 176 0 246 9
Cherry leaf 0.0013 0 334 39 415
Cherry leaf 0.0012 103 0 207 9
Cherry leaf 0.0012 310 6 383 164
Cherry leaf 0.0012 371 0 419 24
Cherry leaf 0.0012 393 388 415 417
Cherry leaf 0.0012 143 98 214 170
Cherry leaf 0.0012 108 122 169 240
Cherry leaf 0.0012 84 405 147 416
Cherry leaf 0.0012 342 101 413 172
Cherry leaf 0.0012 373 174 416 257
Cherry leaf 0.0012 -1 96 43 177
Cherry leaf 0.0011 156 104 276 245
Cherry leaf 0.0011 378 0 413 4
Cherry leaf 0.0011 251 0 284 4
Cherry leaf 0.0011 275 8 345 162
Cherry leaf 0.0011 241 -1 371 145
Cherry leaf 0.0011 392 100 416 230
Cherry leaf 0.0011 310 322 350 352
Cherry leaf 0.0011 323 68 364 143
Cherry leaf 0.0011 0 204 49 449
Cherry leaf 0.0011 408 276 416 338
Cherry leaf 0.0011 333 47 410 127
Cherry leaf 0.0010 407 186 416 250
Cherry leaf 0.0010 -1 117 19 281
Cherry leaf 0.0010 64 113 131 186
Cherry leaf 0.0010 306 27 344 114
Cherry leaf 0.0010 80 237 122 318
Cherry leaf 0.0010 161 -1 269 25
Cherry leaf 0.0010 242 203 311 256
Cherry leaf 0.0010 376 314 415 402
Cherry leaf 0.0010 341 302 411 416
Cherry leaf 0.0010 335 173 415 228
Cherry leaf 0.0010 219 304 303 415
Cherry leaf 0.0010 123 405 189 415
Peach leaf 0.0032 407 0 416 9
Peach leaf 0.0021 410 3 416 35
Peach leaf 0.0018 394 408 414 415
Peach leaf 0.0018 87 -1 131 38
Peach leaf 0.0013 410 391 415 416
Peach leaf 0.0012 408 406 415 416
Raspberry leaf 0.0106 141 388 258 416
Raspberry leaf 0.0065 406 83 415 163
Raspberry leaf 0.0058 200 404 270 415
Raspberry leaf 0.0053 395 306 415 355
Raspberry leaf 0.0042 406 2 416 67
Raspberry leaf 0.0031 395 95 415 151
Raspberry leaf 0.0022 231 365 273 408
Raspberry leaf 0.0020 223 411 263 415
Raspberry leaf 0.0015 279 253 320 296
Raspberry leaf 0.0014 396 8 415 61
Raspberry leaf 0.0013 408 35 416 116
Raspberry leaf 0.0013 186 393 268 416
Raspberry leaf 0.0011 408 102 416 193
Raspberry leaf 0.0010 317 285 376 316
Raspberry leaf 0.0010 0 390 5 418
Strawberry leaf 0.0093 407 292 416 354
Strawberry leaf 0.0020 412 303 416 343
